2.197400000000000091e+02 3.345000000000000000e+04
2.199900000000000091e+02 3.350700000000000000e+04
2.202400000000000091e+02 3.366300000000000000e+04
2.204900000000000091e+02 3.398500000000000000e+04
2.207400000000000091e+02 3.374000000000000000e+04
2.209900000000000091e+02 3.415800000000000000e+04
2.212400000000000091e+02 3.399700000000000000e+04
2.214900000000000091e+02 3.408300000000000000e+04
2.217400000000000091e+02 3.427900000000000000e+04
2.219900000000000091e+02 3.444200000000000000e+04
2.222400000000000091e+02 3.420700000000000000e+04
2.224900000000000091e+02 3.446400000000000000e+04
2.227400000000000091e+02 3.450500000000000000e+04
2.229900000000000091e+02 3.437000000000000000e+04
2.232400000000000091e+02 3.411700000000000000e+04
2.234900000000000091e+02 3.428600000000000000e+04
2.237400000000000091e+02 3.432700000000000000e+04
2.239900000000000091e+02 3.423100000000000000e+04
2.242400000000000091e+02 3.411900000000000000e+04
2.244900000000000091e+02 3.430900000000000000e+04
2.247400000000000091e+02 3.419300000000000000e+04
2.249900000000000091e+02 3.428700000000000000e+04
2.252400000000000091e+02 3.387800000000000000e+04
2.254900000000000091e+02 3.404200000000000000e+04
2.257400000000000091e+02 3.368900000000000000e+04
2.259900000000000091e+02 3.372200000000000000e+04
2.262400000000000091e+02 3.345700000000000000e+04
2.264900000000000091e+02 3.339100000000000000e+04
2.267400000000000091e+02 3.321200000000000000e+04
2.269900000000000091e+02 3.341200000000000000e+04
2.272400000000000091e+02 3.299400000000000000e+04
2.274900000000000091e+02 3.312500000000000000e+04
2.277400000000000091e+02 3.268600000000000000e+04
2.279900000000000091e+02 3.296700000000000000e+04
2.282400000000000091e+02 3.282100000000000000e+04
2.284900000000000091e+02 3.258100000000000000e+04
2.287400000000000091e+02 3.255200000000000000e+04
2.289900000000000091e+02 3.262100000000000000e+04
2.292400000000000091e+02 3.218100000000000000e+04
2.294900000000000091e+02 3.222600000000000000e+04
2.297400000000000091e+02 3.194100000000000000e+04
2.299900000000000091e+02 3.181900000000000000e+04
2.302400000000000091e+02 3.199300000000000000e+04
2.304900000000000091e+02 3.203600000000000000e+04
2.307400000000000091e+02 3.176000000000000000e+04
2.309900000000000091e+02 3.181200000000000000e+04
2.312400000000000091e+02 3.154900000000000000e+04
2.314900000000000091e+02 3.158200000000000000e+04
2.317400000000000091e+02 3.141700000000000000e+04
2.319900000000000091e+02 3.149500000000000000e+04
2.322400000000000091e+02 3.167200000000000000e+04
2.324900000000000091e+02 3.134700000000000000e+04
2.327400000000000091e+02 3.125300000000000000e+04
2.329900000000000091e+02 3.121400000000000000e+04
2.332400000000000091e+02 3.132300000000000000e+04
2.334900000000000091e+02 3.123100000000000000e+04
2.337400000000000091e+02 3.134700000000000000e+04
2.339900000000000091e+02 3.133500000000000000e+04
2.342400000000000091e+02 3.168500000000000000e+04
2.344900000000000091e+02 3.166400000000000000e+04
2.347400000000000091e+02 3.170500000000000000e+04
2.349900000000000091e+02 3.186800000000000000e+04
2.352400000000000091e+02 3.203700000000000000e+04
2.354900000000000091e+02 3.220400000000000000e+04
2.357400000000000091e+02 3.224800000000000000e+04
2.359900000000000091e+02 3.253700000000000000e+04
2.362400000000000091e+02 3.294400000000000000e+04
2.364900000000000091e+02 3.303700000000000000e+04
2.367400000000000091e+02 3.304400000000000000e+04
2.369900000000000091e+02 3.359600000000000000e+04
2.372400000000000091e+02 3.375200000000000000e+04
2.374900000000000091e+02 3.412300000000000000e+04
2.377400000000000091e+02 3.439100000000000000e+04
2.379900000000000091e+02 3.458700000000000000e+04
2.382400000000000091e+02 3.502300000000000000e+04
2.384900000000000091e+02 3.523400000000000000e+04
2.387400000000000091e+02 3.564200000000000000e+04
2.389900000000000091e+02 3.589900000000000000e+04
2.392400000000000091e+02 3.620900000000000000e+04
2.394900000000000091e+02 3.647000000000000000e+04
2.397400000000000091e+02 3.672600000000000000e+04
2.399900000000000091e+02 3.735800000000000000e+04
2.402400000000000091e+02 3.766300000000000000e+04
2.404900000000000091e+02 3.781800000000000000e+04
2.407400000000000091e+02 3.819800000000000000e+04
2.409900000000000091e+02 3.873400000000000000e+04
2.412400000000000091e+02 3.879700000000000000e+04
2.414900000000000091e+02 3.942000000000000000e+04
2.417400000000000091e+02 3.992000000000000000e+04
2.419900000000000091e+02 4.027800000000000000e+04
2.422400000000000091e+02 4.038700000000000000e+04
2.424900000000000091e+02 4.077800000000000000e+04
2.427400000000000091e+02 4.118800000000000000e+04
2.429900000000000091e+02 4.153200000000000000e+04
2.432400000000000091e+02 4.209100000000000000e+04
2.434900000000000091e+02 4.248700000000000000e+04
2.437400000000000091e+02 4.281300000000000000e+04
2.439900000000000091e+02 4.327700000000000000e+04
2.442400000000000091e+02 4.359800000000000000e+04
2.444900000000000091e+02 4.376300000000000000e+04
2.447400000000000091e+02 4.412600000000000000e+04
2.449900000000000091e+02 4.442200000000000000e+04
2.452400000000000091e+02 4.483200000000000000e+04
2.454900000000000091e+02 4.492100000000000000e+04
2.457400000000000091e+02 4.516900000000000000e+04
2.459900000000000091e+02 4.538200000000000000e+04
2.462400000000000091e+02 4.576600000000000000e+04
2.464900000000000091e+02 4.593600000000000000e+04
2.467400000000000091e+02 4.605700000000000000e+04
2.469900000000000091e+02 4.631700000000000000e+04
2.472400000000000091e+02 4.649600000000000000e+04
2.474900000000000091e+02 4.653600000000000000e+04
2.477400000000000091e+02 4.651600000000000000e+04
2.479900000000000091e+02 4.642800000000000000e+04
2.482400000000000091e+02 4.640600000000000000e+04
2.484900000000000091e+02 4.635900000000000000e+04
2.487400000000000091e+02 4.612500000000000000e+04
2.489900000000000091e+02 4.585800000000000000e+04
2.492400000000000091e+02 4.562800000000000000e+04
2.494900000000000091e+02 4.541100000000000000e+04
2.497400000000000091e+02 4.494100000000000000e+04
2.499900000000000091e+02 4.452700000000000000e+04
2.502400000000000091e+02 4.376400000000000000e+04
2.504900000000000091e+02 4.332500000000000000e+04
2.507400000000000091e+02 4.264900000000000000e+04
2.509900000000000091e+02 4.184900000000000000e+04
2.512400000000000091e+02 4.106500000000000000e+04
2.514900000000000091e+02 4.007100000000000000e+04
2.517400000000000091e+02 3.917700000000000000e+04
2.519900000000000091e+02 3.814700000000000000e+04
2.522400000000000091e+02 3.727700000000000000e+04
2.524900000000000091e+02 3.626100000000000000e+04
2.527400000000000091e+02 3.519400000000000000e+04
2.529900000000000091e+02 3.420400000000000000e+04
2.532400000000000091e+02 3.318900000000000000e+04
2.534900000000000091e+02 3.211400000000000000e+04
2.537400000000000091e+02 3.110700000000000000e+04
2.539900000000000091e+02 3.010400000000000000e+04
2.542400000000000091e+02 2.894600000000000000e+04
2.544900000000000091e+02 2.816400000000000000e+04
2.547400000000000091e+02 2.745000000000000000e+04
2.549900000000000091e+02 2.711100000000000000e+04
2.552400000000000091e+02 2.638100000000000000e+04
2.554900000000000091e+02 2.545200000000000000e+04
2.557400000000000091e+02 2.454700000000000000e+04
2.559900000000000091e+02 2.384800000000000000e+04
2.562400000000000091e+02 2.317900000000000000e+04
2.564900000000000091e+02 2.230700000000000000e+04
2.567400000000000091e+02 2.168200000000000000e+04
2.569900000000000091e+02 2.102200000000000000e+04
2.572400000000000091e+02 2.036200000000000000e+04
2.574900000000000091e+02 1.959400000000000000e+04
2.577400000000000091e+02 1.923100000000000000e+04
2.579900000000000091e+02 1.875900000000000000e+04
2.582400000000000091e+02 1.832700000000000000e+04
2.584900000000000091e+02 1.788200000000000000e+04
2.587400000000000091e+02 1.767600000000000000e+04
2.589900000000000091e+02 1.724100000000000000e+04
2.592400000000000091e+02 1.685000000000000000e+04
2.594900000000000091e+02 1.655300000000000000e+04
2.597400000000000091e+02 1.631100000000000000e+04
2.599900000000000091e+02 1.592800000000000000e+04
2.602400000000000091e+02 1.582200000000000000e+04
2.604900000000000091e+02 1.565900000000000000e+04
2.607400000000000091e+02 1.554000000000000000e+04
2.609900000000000091e+02 1.537600000000000000e+04
2.612400000000000091e+02 1.537000000000000000e+04
2.614900000000000091e+02 1.519400000000000000e+04
2.617400000000000091e+02 1.513000000000000000e+04
2.619900000000000091e+02 1.500000000000000000e+04
2.622400000000000091e+02 1.486200000000000000e+04
2.624900000000000091e+02 1.495900000000000000e+04
2.627400000000000091e+02 1.479100000000000000e+04
2.629900000000000091e+02 1.487700000000000000e+04
2.632400000000000091e+02 1.481400000000000000e+04
2.634900000000000091e+02 1.486800000000000000e+04
2.637400000000000091e+02 1.494700000000000000e+04
2.639900000000000091e+02 1.488800000000000000e+04
2.642400000000000091e+02 1.486600000000000000e+04
2.644900000000000091e+02 1.494000000000000000e+04
2.647400000000000091e+02 1.512700000000000000e+04
2.649900000000000091e+02 1.511800000000000000e+04
2.652400000000000091e+02 1.531300000000000000e+04
2.654900000000000091e+02 1.526900000000000000e+04
2.657400000000000091e+02 1.531300000000000000e+04
2.659900000000000091e+02 1.548000000000000000e+04
2.662400000000000091e+02 1.559400000000000000e+04
2.664900000000000091e+02 1.560800000000000000e+04
2.667400000000000091e+02 1.588000000000000000e+04
2.669900000000000091e+02 1.605200000000000000e+04
2.672400000000000091e+02 1.612400000000000000e+04
2.674900000000000091e+02 1.624500000000000000e+04
2.677400000000000091e+02 1.639200000000000000e+04
2.679900000000000091e+02 1.639800000000000000e+04
2.682400000000000091e+02 1.641700000000000000e+04
2.684900000000000091e+02 1.656100000000000000e+04
2.687400000000000091e+02 1.686100000000000000e+04
2.689900000000000091e+02 1.702100000000000000e+04
2.692400000000000091e+02 1.729100000000000000e+04
2.694900000000000091e+02 1.736200000000000000e+04
2.697400000000000091e+02 1.744600000000000000e+04
2.699900000000000091e+02 1.766100000000000000e+04
2.702400000000000091e+02 1.779400000000000000e+04
2.704900000000000091e+02 1.793200000000000000e+04
2.707400000000000091e+02 1.807200000000000000e+04
2.709900000000000091e+02 1.817200000000000000e+04
2.712400000000000091e+02 1.821800000000000000e+04
2.714900000000000091e+02 1.833700000000000000e+04
2.717400000000000091e+02 1.846700000000000000e+04
2.719900000000000091e+02 1.852600000000000000e+04
2.722400000000000091e+02 1.883400000000000000e+04
2.724900000000000091e+02 1.880100000000000000e+04
2.727400000000000091e+02 1.900300000000000000e+04
2.729900000000000091e+02 1.897200000000000000e+04
2.732400000000000091e+02 1.911700000000000000e+04
2.734900000000000091e+02 1.907300000000000000e+04
2.737400000000000091e+02 1.916500000000000000e+04
2.739900000000000091e+02 1.917500000000000000e+04
2.742400000000000091e+02 1.938600000000000000e+04
2.744900000000000091e+02 1.934500000000000000e+04
2.747400000000000091e+02 1.947100000000000000e+04
2.749900000000000091e+02 1.949300000000000000e+04
2.752400000000000091e+02 1.939400000000000000e+04
2.754900000000000091e+02 1.962100000000000000e+04
2.757400000000000091e+02 1.945400000000000000e+04
2.759900000000000091e+02 1.950600000000000000e+04
2.762400000000000091e+02 1.951500000000000000e+04
2.764900000000000091e+02 1.954500000000000000e+04
2.767400000000000091e+02 1.952700000000000000e+04
2.769900000000000091e+02 1.944300000000000000e+04
2.772400000000000091e+02 1.948000000000000000e+04
2.774900000000000091e+02 1.945000000000000000e+04
2.777400000000000091e+02 1.951600000000000000e+04
2.779900000000000091e+02 1.937900000000000000e+04
2.782400000000000091e+02 1.934800000000000000e+04
2.784900000000000091e+02 1.933300000000000000e+04
2.787400000000000091e+02 1.923500000000000000e+04
2.789900000000000091e+02 1.926900000000000000e+04
2.792400000000000091e+02 1.930800000000000000e+04
2.794900000000000091e+02 1.905200000000000000e+04
2.797400000000000091e+02 1.924300000000000000e+04
2.799900000000000091e+02 1.911900000000000000e+04
2.802400000000000091e+02 1.904900000000000000e+04
2.804900000000000091e+02 1.909200000000000000e+04
2.807400000000000091e+02 1.906900000000000000e+04
2.809900000000000091e+02 1.917600000000000000e+04
2.812400000000000091e+02 1.893300000000000000e+04
2.814900000000000091e+02 1.894100000000000000e+04
2.817400000000000091e+02 1.905100000000000000e+04
2.819900000000000091e+02 1.883100000000000000e+04
2.822400000000000091e+02 1.874900000000000000e+04
2.824900000000000091e+02 1.871100000000000000e+04
2.827400000000000091e+02 1.857100000000000000e+04
2.829900000000000091e+02 1.865500000000000000e+04
2.832400000000000091e+02 1.848000000000000000e+04
2.834900000000000091e+02 1.852300000000000000e+04
2.837400000000000091e+02 1.844900000000000000e+04
2.839900000000000091e+02 1.835800000000000000e+04
2.842400000000000091e+02 1.810700000000000000e+04
2.844900000000000091e+02 1.797000000000000000e+04
2.847400000000000091e+02 1.787900000000000000e+04
2.849900000000000091e+02 1.788600000000000000e+04
2.852400000000000091e+02 1.777200000000000000e+04
2.854900000000000091e+02 1.769200000000000000e+04
2.857400000000000091e+02 1.764600000000000000e+04
2.859900000000000091e+02 1.740900000000000000e+04
2.862400000000000091e+02 1.752900000000000000e+04
2.864900000000000091e+02 1.749600000000000000e+04
2.867400000000000091e+02 1.732800000000000000e+04
2.869900000000000091e+02 1.726400000000000000e+04
2.872400000000000091e+02 1.723900000000000000e+04
2.874900000000000091e+02 1.684900000000000000e+04
2.877400000000000091e+02 1.690800000000000000e+04
2.879900000000000091e+02 1.665000000000000000e+04
2.882400000000000091e+02 1.675000000000000000e+04
2.884900000000000091e+02 1.667700000000000000e+04
2.887400000000000091e+02 1.650100000000000000e+04
2.889900000000000091e+02 1.650200000000000000e+04
2.892400000000000091e+02 1.652400000000000000e+04
2.894900000000000091e+02 1.640800000000000000e+04
2.897400000000000091e+02 1.649100000000000000e+04
2.899900000000000091e+02 1.641700000000000000e+04
2.902400000000000091e+02 1.633300000000000000e+04
2.904900000000000091e+02 1.631400000000000000e+04
2.907400000000000091e+02 1.622800000000000000e+04
2.909900000000000091e+02 1.610700000000000000e+04
2.912400000000000091e+02 1.625700000000000000e+04
2.914900000000000091e+02 1.624500000000000000e+04
2.917400000000000091e+02 1.609900000000000000e+04
2.919900000000000091e+02 1.616500000000000000e+04
2.922400000000000091e+02 1.611300000000000000e+04
2.924900000000000091e+02 1.613100000000000000e+04
2.927400000000000091e+02 1.602000000000000000e+04
2.929900000000000091e+02 1.607500000000000000e+04
2.932400000000000091e+02 1.599300000000000000e+04
2.934900000000000091e+02 1.587800000000000000e+04
2.937400000000000091e+02 1.581000000000000000e+04
2.939900000000000091e+02 1.579700000000000000e+04
2.942400000000000091e+02 1.570900000000000000e+04
2.944900000000000091e+02 1.578600000000000000e+04
2.947400000000000091e+02 1.594600000000000000e+04
2.949900000000000091e+02 1.570700000000000000e+04
2.952400000000000091e+02 1.568200000000000000e+04
2.954900000000000091e+02 1.551000000000000000e+04
2.957400000000000091e+02 1.552500000000000000e+04
2.959900000000000091e+02 1.535100000000000000e+04
2.962400000000000091e+02 1.531200000000000000e+04
2.964900000000000091e+02 1.520700000000000000e+04
2.967400000000000091e+02 1.523000000000000000e+04
2.969900000000000091e+02 1.513700000000000000e+04
2.972400000000000091e+02 1.486200000000000000e+04
2.974900000000000091e+02 1.485800000000000000e+04
2.977400000000000091e+02 1.458500000000000000e+04
2.979900000000000091e+02 1.454800000000000000e+04
2.982400000000000091e+02 1.423200000000000000e+04
2.984900000000000091e+02 1.420500000000000000e+04
2.987400000000000091e+02 1.394900000000000000e+04
2.989900000000000091e+02 1.378400000000000000e+04
2.992400000000000091e+02 1.372100000000000000e+04
2.994900000000000091e+02 1.331200000000000000e+04
2.997400000000000091e+02 1.315700000000000000e+04
2.999900000000000091e+02 1.304500000000000000e+04
3.002400000000000091e+02 1.290800000000000000e+04
3.004900000000000091e+02 1.270100000000000000e+04
3.007400000000000091e+02 1.265400000000000000e+04
3.009900000000000091e+02 1.239600000000000000e+04
3.012400000000000091e+02 1.204400000000000000e+04
3.014900000000000091e+02 1.191500000000000000e+04
3.017400000000000091e+02 1.165100000000000000e+04
3.019900000000000091e+02 1.150100000000000000e+04
3.022400000000000091e+02 1.126900000000000000e+04
3.024900000000000091e+02 1.110900000000000000e+04
3.027400000000000091e+02 1.083600000000000000e+04
3.029900000000000091e+02 1.047600000000000000e+04
3.032400000000000091e+02 1.036000000000000000e+04
3.034900000000000091e+02 1.013400000000000000e+04
3.037400000000000091e+02 9.954000000000000000e+03
3.039900000000000091e+02 9.764000000000000000e+03
3.042400000000000091e+02 9.601000000000000000e+03
3.044900000000000091e+02 9.215000000000000000e+03
3.047400000000000091e+02 9.268000000000000000e+03
3.049900000000000091e+02 8.951000000000000000e+03
3.052400000000000091e+02 8.746000000000000000e+03
3.054900000000000091e+02 8.413000000000000000e+03
3.057400000000000091e+02 8.166000000000000000e+03
3.059900000000000091e+02 7.981000000000000000e+03
3.062400000000000091e+02 7.924000000000000000e+03
3.064900000000000091e+02 7.963000000000000000e+03
3.067400000000000091e+02 7.841000000000000000e+03
3.069900000000000091e+02 7.486000000000000000e+03
3.072400000000000091e+02 7.300000000000000000e+03
3.074900000000000091e+02 7.091000000000000000e+03
3.077400000000000091e+02 6.972000000000000000e+03
3.079900000000000091e+02 6.703000000000000000e+03
3.082400000000000091e+02 6.563000000000000000e+03
3.084900000000000091e+02 6.405000000000000000e+03
3.087400000000000091e+02 6.296000000000000000e+03
3.089900000000000091e+02 6.203000000000000000e+03
3.092400000000000091e+02 6.099000000000000000e+03
3.094900000000000091e+02 5.964000000000000000e+03
3.097400000000000091e+02 5.924000000000000000e+03
3.099900000000000091e+02 6.290000000000000000e+03
3.102400000000000091e+02 5.577000000000000000e+03
3.104900000000000091e+02 5.631000000000000000e+03
3.107400000000000091e+02 5.850000000000000000e+03
3.109900000000000091e+02 5.964000000000000000e+03
3.112400000000000091e+02 5.436000000000000000e+03
3.114900000000000091e+02 5.507000000000000000e+03
3.117400000000000091e+02 5.761000000000000000e+03
3.119900000000000091e+02 5.514000000000000000e+03
3.122400000000000091e+02 4.738000000000000000e+03
3.124900000000000091e+02 5.599000000000000000e+03
3.127400000000000091e+02 5.198000000000000000e+03
3.129900000000000091e+02 5.137000000000000000e+03
3.132400000000000091e+02 4.980000000000000000e+03
3.134900000000000091e+02 5.311000000000000000e+03
3.137400000000000091e+02 5.176000000000000000e+03
3.139900000000000091e+02 4.816000000000000000e+03
3.142400000000000091e+02 4.988000000000000000e+03
3.144900000000000091e+02 4.698000000000000000e+03
3.147400000000000091e+02 4.479000000000000000e+03
3.149900000000000091e+02 4.301000000000000000e+03
3.152400000000000091e+02 4.412000000000000000e+03
3.154900000000000091e+02 4.188000000000000000e+03
3.157400000000000091e+02 4.173000000000000000e+03
3.159900000000000091e+02 4.515000000000000000e+03
3.162400000000000091e+02 4.219000000000000000e+03
3.164900000000000091e+02 4.317000000000000000e+03
3.167400000000000091e+02 4.304000000000000000e+03
3.169900000000000091e+02 4.256000000000000000e+03
3.172400000000000091e+02 3.944000000000000000e+03
3.174900000000000091e+02 4.343000000000000000e+03
3.177400000000000091e+02 3.915000000000000000e+03
3.179900000000000091e+02 4.256000000000000000e+03
3.182400000000000091e+02 4.265000000000000000e+03
3.184900000000000091e+02 4.039000000000000000e+03
3.187400000000000091e+02 4.162000000000000000e+03
3.189900000000000091e+02 4.384000000000000000e+03
3.192400000000000091e+02 4.077000000000000000e+03
3.194900000000000091e+02 3.793000000000000000e+03
3.197400000000000091e+02 4.479000000000000000e+03
3.199900000000000091e+02 4.409000000000000000e+03
3.202400000000000091e+02 3.494000000000000000e+03
3.204900000000000091e+02 4.343000000000000000e+03
3.207400000000000091e+02 4.151000000000000000e+03
3.209900000000000091e+02 4.221000000000000000e+03
3.212400000000000091e+02 3.774000000000000000e+03
3.214900000000000091e+02 3.842000000000000000e+03
3.217400000000000091e+02 3.963000000000000000e+03
3.219900000000000091e+02 4.659000000000000000e+03
3.222400000000000091e+02 4.035000000000000000e+03
3.224900000000000091e+02 4.174000000000000000e+03
3.227400000000000091e+02 3.861000000000000000e+03
3.229900000000000091e+02 3.918000000000000000e+03
3.232400000000000091e+02 4.593000000000000000e+03
3.234900000000000091e+02 4.504000000000000000e+03
3.237400000000000091e+02 4.369000000000000000e+03
3.239900000000000091e+02 4.200000000000000000e+03
3.242400000000000091e+02 4.295000000000000000e+03
3.244900000000000091e+02 4.568000000000000000e+03
3.247400000000000091e+02 4.592000000000000000e+03
3.249900000000000091e+02 4.547000000000000000e+03
3.252400000000000091e+02 5.010000000000000000e+03
3.254900000000000091e+02 4.790000000000000000e+03
3.257400000000000091e+02 4.523000000000000000e+03
3.259900000000000091e+02 4.406000000000000000e+03
3.262400000000000091e+02 4.215000000000000000e+03
3.264900000000000091e+02 4.799000000000000000e+03
3.267400000000000091e+02 4.816000000000000000e+03
3.269900000000000091e+02 5.004000000000000000e+03
3.272400000000000091e+02 4.922000000000000000e+03
3.274900000000000091e+02 4.944000000000000000e+03
3.277400000000000091e+02 5.004000000000000000e+03
3.279900000000000091e+02 4.983000000000000000e+03
3.282400000000000091e+02 5.191000000000000000e+03
3.284900000000000091e+02 5.169000000000000000e+03
3.287400000000000091e+02 5.484000000000000000e+03
3.289900000000000091e+02 4.941000000000000000e+03
3.292400000000000091e+02 5.438000000000000000e+03
3.294900000000000091e+02 5.608000000000000000e+03
3.297400000000000091e+02 5.408000000000000000e+03
3.299900000000000091e+02 5.509000000000000000e+03
3.302400000000000091e+02 5.734000000000000000e+03
3.304900000000000091e+02 6.127000000000000000e+03
3.307400000000000091e+02 5.922000000000000000e+03
3.309900000000000091e+02 6.026000000000000000e+03
3.312400000000000091e+02 6.115000000000000000e+03
3.314900000000000091e+02 5.454000000000000000e+03
3.317400000000000091e+02 5.970000000000000000e+03
3.319900000000000091e+02 6.128000000000000000e+03
3.322400000000000091e+02 6.423000000000000000e+03
3.324900000000000091e+02 6.131000000000000000e+03
3.327400000000000091e+02 5.743000000000000000e+03
3.329900000000000091e+02 6.397000000000000000e+03
3.332400000000000091e+02 5.950000000000000000e+03
3.334900000000000091e+02 6.290000000000000000e+03
3.337400000000000091e+02 6.671000000000000000e+03
3.339900000000000091e+02 6.309000000000000000e+03
3.342400000000000091e+02 6.578000000000000000e+03
3.344900000000000091e+02 6.208000000000000000e+03
3.347400000000000091e+02 6.327000000000000000e+03
3.349900000000000091e+02 6.293000000000000000e+03
3.352400000000000091e+02 5.994000000000000000e+03
3.354900000000000091e+02 6.489000000000000000e+03
3.357400000000000091e+02 6.360000000000000000e+03
3.359900000000000091e+02 6.439000000000000000e+03
3.362400000000000091e+02 6.315000000000000000e+03
3.364900000000000091e+02 6.579000000000000000e+03
3.367400000000000091e+02 6.354000000000000000e+03
3.369900000000000091e+02 7.019000000000000000e+03
3.372400000000000091e+02 6.839000000000000000e+03
3.374900000000000091e+02 6.894000000000000000e+03
3.377400000000000091e+02 6.982000000000000000e+03
3.379900000000000091e+02 6.803000000000000000e+03
3.382400000000000091e+02 7.132000000000000000e+03
3.384900000000000091e+02 7.127000000000000000e+03
3.387400000000000091e+02 7.062000000000000000e+03
3.389900000000000091e+02 7.290000000000000000e+03
3.392400000000000091e+02 7.521000000000000000e+03
3.394900000000000091e+02 7.511000000000000000e+03
3.397400000000000091e+02 7.317000000000000000e+03
3.399900000000000091e+02 7.555000000000000000e+03
3.402400000000000091e+02 8.085000000000000000e+03
3.404900000000000091e+02 8.221000000000000000e+03
3.407400000000000091e+02 8.454000000000000000e+03
3.409900000000000091e+02 8.128000000000000000e+03
3.412400000000000091e+02 8.502000000000000000e+03
3.414900000000000091e+02 8.540000000000000000e+03
3.417400000000000091e+02 8.668000000000000000e+03
3.419900000000000091e+02 8.556000000000000000e+03
3.422400000000000091e+02 9.045000000000000000e+03
3.424900000000000091e+02 8.971000000000000000e+03
3.427400000000000091e+02 9.206000000000000000e+03
3.429900000000000091e+02 9.666000000000000000e+03
3.432400000000000091e+02 9.714000000000000000e+03
3.434900000000000091e+02 9.673000000000000000e+03
3.437400000000000091e+02 9.881000000000000000e+03
3.439900000000000091e+02 1.019300000000000000e+04
3.442400000000000091e+02 1.019000000000000000e+04
3.444900000000000091e+02 1.042600000000000000e+04
3.447400000000000091e+02 1.060700000000000000e+04
3.449900000000000091e+02 1.114500000000000000e+04
3.452400000000000091e+02 1.087700000000000000e+04
3.454900000000000091e+02 1.068500000000000000e+04
3.457400000000000091e+02 1.090700000000000000e+04
3.459900000000000091e+02 1.103400000000000000e+04
3.462400000000000091e+02 1.119300000000000000e+04
3.464900000000000091e+02 1.159300000000000000e+04
3.467400000000000091e+02 1.123500000000000000e+04
3.469900000000000091e+02 1.128000000000000000e+04
3.472400000000000091e+02 1.135000000000000000e+04
3.474900000000000091e+02 1.127100000000000000e+04
3.477400000000000091e+02 1.125700000000000000e+04
3.479900000000000091e+02 1.119800000000000000e+04
3.482400000000000091e+02 1.139800000000000000e+04
3.484900000000000091e+02 1.132300000000000000e+04
3.487400000000000091e+02 1.134200000000000000e+04
3.489900000000000091e+02 1.125000000000000000e+04
3.492400000000000091e+02 1.137200000000000000e+04
3.494900000000000091e+02 1.149200000000000000e+04
3.497400000000000091e+02 1.099200000000000000e+04
3.499900000000000091e+02 1.110500000000000000e+04
3.502400000000000091e+02 1.053700000000000000e+04
3.504900000000000091e+02 1.058800000000000000e+04
3.507400000000000091e+02 1.013500000000000000e+04
3.509900000000000091e+02 1.063500000000000000e+04
3.512400000000000091e+02 1.022100000000000000e+04
3.514900000000000091e+02 1.014000000000000000e+04
3.517400000000000091e+02 9.548000000000000000e+03
3.519900000000000091e+02 9.709000000000000000e+03
3.522400000000000091e+02 9.510000000000000000e+03
3.524900000000000091e+02 9.067000000000000000e+03
3.527400000000000091e+02 9.167000000000000000e+03
3.529900000000000091e+02 8.798000000000000000e+03
3.532400000000000091e+02 8.401000000000000000e+03
3.534900000000000091e+02 8.312000000000000000e+03
3.537400000000000091e+02 8.494000000000000000e+03
3.539900000000000091e+02 8.122000000000000000e+03
3.542400000000000091e+02 7.783000000000000000e+03
3.544900000000000091e+02 7.597000000000000000e+03
3.547400000000000091e+02 7.656000000000000000e+03
3.549900000000000091e+02 7.440000000000000000e+03
3.552400000000000091e+02 7.128000000000000000e+03
3.554900000000000091e+02 6.998000000000000000e+03
3.557400000000000091e+02 6.454000000000000000e+03
3.559900000000000091e+02 6.607000000000000000e+03
3.562400000000000091e+02 6.891000000000000000e+03
3.564900000000000091e+02 6.378000000000000000e+03
3.567400000000000091e+02 6.186000000000000000e+03
3.569900000000000091e+02 5.894000000000000000e+03
3.572400000000000091e+02 6.133000000000000000e+03
3.574900000000000091e+02 5.923000000000000000e+03
3.577400000000000091e+02 5.635000000000000000e+03
3.579900000000000091e+02 5.204000000000000000e+03
3.582400000000000091e+02 5.059000000000000000e+03
3.584900000000000091e+02 5.067000000000000000e+03
3.587400000000000091e+02 5.144000000000000000e+03
3.589900000000000091e+02 4.764000000000000000e+03
3.592400000000000091e+02 4.827000000000000000e+03
3.594900000000000091e+02 4.459000000000000000e+03
3.597400000000000091e+02 4.509000000000000000e+03
3.599900000000000091e+02 4.508000000000000000e+03
3.602400000000000091e+02 4.661000000000000000e+03
3.604900000000000091e+02 4.496000000000000000e+03
3.607400000000000091e+02 4.152000000000000000e+03
3.609900000000000091e+02 3.966000000000000000e+03
3.612400000000000091e+02 3.751000000000000000e+03
3.614900000000000091e+02 3.887000000000000000e+03
3.617400000000000091e+02 3.977000000000000000e+03
3.619900000000000091e+02 3.912000000000000000e+03
3.622400000000000091e+02 3.132000000000000000e+03
3.624900000000000091e+02 3.636000000000000000e+03
3.627400000000000091e+02 3.688000000000000000e+03
3.629900000000000091e+02 3.563000000000000000e+03
3.632400000000000091e+02 3.664000000000000000e+03
3.634900000000000091e+02 3.707000000000000000e+03
3.637400000000000091e+02 3.132000000000000000e+03
3.639900000000000091e+02 3.320000000000000000e+03
3.642400000000000091e+02 2.888000000000000000e+03
3.644900000000000091e+02 3.105000000000000000e+03
3.647400000000000091e+02 2.990000000000000000e+03
3.649900000000000091e+02 2.820000000000000000e+03
3.652400000000000091e+02 3.019000000000000000e+03
3.654900000000000091e+02 3.103000000000000000e+03
3.657400000000000091e+02 3.191000000000000000e+03
3.659900000000000091e+02 2.779000000000000000e+03
3.662400000000000091e+02 2.530000000000000000e+03
3.664900000000000091e+02 2.542000000000000000e+03
3.667400000000000091e+02 2.513000000000000000e+03
3.669900000000000091e+02 2.654000000000000000e+03
3.672400000000000091e+02 2.182000000000000000e+03
3.674900000000000091e+02 2.608000000000000000e+03
3.677400000000000091e+02 2.457000000000000000e+03
3.679900000000000091e+02 2.673000000000000000e+03
3.682400000000000091e+02 2.234000000000000000e+03
3.684900000000000091e+02 2.262000000000000000e+03
3.687400000000000091e+02 2.362000000000000000e+03
3.689900000000000091e+02 2.314000000000000000e+03
3.692400000000000091e+02 2.339000000000000000e+03
3.694900000000000091e+02 2.615000000000000000e+03
3.697400000000000091e+02 2.364000000000000000e+03
3.699900000000000091e+02 2.217000000000000000e+03
3.702400000000000091e+02 2.334000000000000000e+03
3.704900000000000091e+02 2.217000000000000000e+03
3.707400000000000091e+02 1.946000000000000000e+03
3.709900000000000091e+02 2.109000000000000000e+03
3.712400000000000091e+02 2.068000000000000000e+03
3.714900000000000091e+02 2.176000000000000000e+03
3.717400000000000091e+02 2.138000000000000000e+03
3.719900000000000091e+02 1.960000000000000000e+03
3.722400000000000091e+02 1.937000000000000000e+03
3.724900000000000091e+02 1.738000000000000000e+03
3.727400000000000091e+02 2.193000000000000000e+03
3.729900000000000091e+02 1.990000000000000000e+03
3.732400000000000091e+02 2.278000000000000000e+03
3.734900000000000091e+02 1.898000000000000000e+03
3.737400000000000091e+02 2.075000000000000000e+03
3.739900000000000091e+02 2.133000000000000000e+03
3.742400000000000091e+02 1.904000000000000000e+03
3.744900000000000091e+02 1.843000000000000000e+03
3.747400000000000091e+02 1.870000000000000000e+03
3.749900000000000091e+02 1.854000000000000000e+03
3.752400000000000091e+02 1.744000000000000000e+03
3.754900000000000091e+02 1.974000000000000000e+03
3.757400000000000091e+02 1.968000000000000000e+03
3.759900000000000091e+02 2.003000000000000000e+03
3.762400000000000091e+02 2.008000000000000000e+03
3.764900000000000091e+02 1.996000000000000000e+03
3.767400000000000091e+02 2.088000000000000000e+03
3.769900000000000091e+02 2.068000000000000000e+03
3.772400000000000091e+02 1.861000000000000000e+03
3.774900000000000091e+02 1.993000000000000000e+03
3.777400000000000091e+02 1.998000000000000000e+03
3.779900000000000091e+02 1.978000000000000000e+03
3.782400000000000091e+02 1.732000000000000000e+03
3.784900000000000091e+02 2.166000000000000000e+03
3.787400000000000091e+02 2.026000000000000000e+03
3.789900000000000091e+02 1.987000000000000000e+03
3.792400000000000091e+02 1.994000000000000000e+03
3.794900000000000091e+02 1.820000000000000000e+03
3.797400000000000091e+02 2.128000000000000000e+03
3.799900000000000091e+02 2.030000000000000000e+03
3.802400000000000091e+02 1.999000000000000000e+03
3.804900000000000091e+02 2.096000000000000000e+03
3.807400000000000091e+02 1.964000000000000000e+03
3.809900000000000091e+02 2.000000000000000000e+03
3.812400000000000091e+02 1.946000000000000000e+03
3.814900000000000091e+02 2.142000000000000000e+03
3.817400000000000091e+02 1.873000000000000000e+03
3.819900000000000091e+02 2.078000000000000000e+03
3.822400000000000091e+02 1.991000000000000000e+03
3.824900000000000091e+02 1.904000000000000000e+03
3.827400000000000091e+02 1.935000000000000000e+03
3.829900000000000091e+02 1.841000000000000000e+03
3.832400000000000091e+02 2.189000000000000000e+03
3.834900000000000091e+02 2.317000000000000000e+03
3.837400000000000091e+02 1.735000000000000000e+03
3.839900000000000091e+02 2.246000000000000000e+03
3.842400000000000091e+02 2.249000000000000000e+03
3.844900000000000091e+02 1.808000000000000000e+03
3.847400000000000091e+02 2.179000000000000000e+03
3.849900000000000091e+02 1.877000000000000000e+03
3.852400000000000091e+02 1.985000000000000000e+03
3.854900000000000091e+02 2.044000000000000000e+03
3.857400000000000091e+02 2.037000000000000000e+03
3.859900000000000091e+02 2.142000000000000000e+03
3.862400000000000091e+02 2.033000000000000000e+03
3.864900000000000091e+02 2.022000000000000000e+03
3.867400000000000091e+02 2.010000000000000000e+03
3.869900000000000091e+02 2.059000000000000000e+03
3.872400000000000091e+02 2.142000000000000000e+03
3.874900000000000091e+02 2.123000000000000000e+03
3.877400000000000091e+02 2.080000000000000000e+03
3.879900000000000091e+02 2.223000000000000000e+03
3.882400000000000091e+02 2.096000000000000000e+03
3.884900000000000091e+02 1.990000000000000000e+03
3.887400000000000091e+02 2.097000000000000000e+03
3.889900000000000091e+02 2.076000000000000000e+03
3.892400000000000091e+02 2.098000000000000000e+03
3.894900000000000091e+02 2.326000000000000000e+03
3.897400000000000091e+02 1.940000000000000000e+03
3.899900000000000091e+02 2.210000000000000000e+03
3.902400000000000091e+02 1.862000000000000000e+03
3.904900000000000091e+02 1.725000000000000000e+03
3.907400000000000091e+02 1.765000000000000000e+03
3.909900000000000091e+02 1.898000000000000000e+03
3.912400000000000091e+02 2.024000000000000000e+03
3.914900000000000091e+02 1.879000000000000000e+03
3.917400000000000091e+02 1.891000000000000000e+03
3.919900000000000091e+02 1.914000000000000000e+03
3.922400000000000091e+02 2.292000000000000000e+03
3.924900000000000091e+02 1.780000000000000000e+03
3.927400000000000091e+02 2.043000000000000000e+03
3.929900000000000091e+02 1.735000000000000000e+03
3.932400000000000091e+02 2.205000000000000000e+03
3.934900000000000091e+02 1.836000000000000000e+03
3.937400000000000091e+02 2.004000000000000000e+03
3.939900000000000091e+02 1.925000000000000000e+03
3.942400000000000091e+02 1.975000000000000000e+03
3.944900000000000091e+02 2.102000000000000000e+03
3.947400000000000091e+02 1.959000000000000000e+03
3.949900000000000091e+02 1.791000000000000000e+03
3.952400000000000091e+02 1.788000000000000000e+03
3.954900000000000091e+02 1.860000000000000000e+03
3.957400000000000091e+02 2.089000000000000000e+03
3.959900000000000091e+02 1.937000000000000000e+03
3.962400000000000091e+02 1.869000000000000000e+03
3.964900000000000091e+02 1.787000000000000000e+03
3.967400000000000091e+02 1.824000000000000000e+03
3.969900000000000091e+02 1.785000000000000000e+03
3.972400000000000091e+02 1.947000000000000000e+03
3.974900000000000091e+02 1.670000000000000000e+03
3.977400000000000091e+02 1.684000000000000000e+03
3.979900000000000091e+02 1.709000000000000000e+03
3.982400000000000091e+02 1.699000000000000000e+03
3.984900000000000091e+02 1.647000000000000000e+03
3.987400000000000091e+02 1.706000000000000000e+03
3.989900000000000091e+02 1.913000000000000000e+03
3.992400000000000091e+02 1.541000000000000000e+03
3.994900000000000091e+02 1.735000000000000000e+03
3.997400000000000091e+02 1.820000000000000000e+03
3.999900000000000091e+02 1.810000000000000000e+03
4.002400000000000091e+02 1.551000000000000000e+03
4.004900000000000091e+02 1.642000000000000000e+03
4.007400000000000091e+02 1.861000000000000000e+03
4.009900000000000091e+02 1.534000000000000000e+03
4.012400000000000091e+02 1.666000000000000000e+03
4.014900000000000091e+02 1.433000000000000000e+03
4.017400000000000091e+02 1.508000000000000000e+03
4.019900000000000091e+02 1.577000000000000000e+03
4.022400000000000091e+02 1.581000000000000000e+03
4.024900000000000091e+02 1.572000000000000000e+03
4.027400000000000091e+02 1.636000000000000000e+03
4.029900000000000091e+02 1.717000000000000000e+03
4.032400000000000091e+02 1.638000000000000000e+03
4.034900000000000091e+02 1.627000000000000000e+03
4.037400000000000091e+02 1.359000000000000000e+03
4.039900000000000091e+02 1.492000000000000000e+03
4.042400000000000091e+02 1.525000000000000000e+03
4.044900000000000091e+02 1.434000000000000000e+03
4.047400000000000091e+02 1.535000000000000000e+03
4.049900000000000091e+02 1.398000000000000000e+03
4.052400000000000091e+02 1.325000000000000000e+03
4.054900000000000091e+02 1.588000000000000000e+03
4.057400000000000091e+02 1.269000000000000000e+03
4.059900000000000091e+02 1.420000000000000000e+03
4.062400000000000091e+02 1.699000000000000000e+03
4.064900000000000091e+02 1.448000000000000000e+03
4.067400000000000091e+02 1.488000000000000000e+03
4.069900000000000091e+02 1.500000000000000000e+03
4.072400000000000091e+02 1.387000000000000000e+03
4.074900000000000091e+02 1.395000000000000000e+03
4.077400000000000091e+02 1.408000000000000000e+03
4.079900000000000091e+02 1.296000000000000000e+03
4.082400000000000091e+02 1.336000000000000000e+03
4.084900000000000091e+02 1.493000000000000000e+03
4.087400000000000091e+02 1.430000000000000000e+03
4.089900000000000091e+02 1.366000000000000000e+03
4.092400000000000091e+02 1.562000000000000000e+03
4.094900000000000091e+02 1.422000000000000000e+03
4.097400000000000091e+02 1.300000000000000000e+03
4.099900000000000091e+02 1.549000000000000000e+03
4.102400000000000091e+02 1.434000000000000000e+03
4.104900000000000091e+02 1.298000000000000000e+03
4.107400000000000091e+02 1.314000000000000000e+03
4.109900000000000091e+02 1.320000000000000000e+03
4.112400000000000091e+02 1.428000000000000000e+03
4.114900000000000091e+02 1.401000000000000000e+03
4.117400000000000091e+02 1.263000000000000000e+03
4.119900000000000091e+02 1.245000000000000000e+03
4.122400000000000091e+02 1.484000000000000000e+03
4.124900000000000091e+02 1.502000000000000000e+03
4.127400000000000091e+02 1.300000000000000000e+03
4.129900000000000091e+02 1.178000000000000000e+03
4.132400000000000091e+02 1.334000000000000000e+03
4.134900000000000091e+02 1.176000000000000000e+03
4.137400000000000091e+02 1.238000000000000000e+03
4.139900000000000091e+02 1.288000000000000000e+03
4.142400000000000091e+02 1.321000000000000000e+03
4.144900000000000091e+02 1.356000000000000000e+03
4.147400000000000091e+02 1.160000000000000000e+03
4.149900000000000091e+02 1.223000000000000000e+03
4.152400000000000091e+02 1.176000000000000000e+03
4.154900000000000091e+02 1.178000000000000000e+03
4.157400000000000091e+02 1.149000000000000000e+03
4.159900000000000091e+02 1.076000000000000000e+03
4.162400000000000091e+02 1.228000000000000000e+03
4.164900000000000091e+02 1.222000000000000000e+03
4.167400000000000091e+02 1.277000000000000000e+03
4.169900000000000091e+02 1.212000000000000000e+03
4.172400000000000091e+02 1.061000000000000000e+03
4.174900000000000091e+02 1.164000000000000000e+03
4.177400000000000091e+02 1.114000000000000000e+03
4.179900000000000091e+02 1.089000000000000000e+03
4.182400000000000091e+02 1.148000000000000000e+03
4.184900000000000091e+02 1.078000000000000000e+03
4.187400000000000091e+02 1.041000000000000000e+03
4.189900000000000091e+02 9.950000000000000000e+02
4.192400000000000091e+02 1.089000000000000000e+03
4.194900000000000091e+02 1.045000000000000000e+03
4.197400000000000091e+02 9.480000000000000000e+02
4.199900000000000091e+02 8.840000000000000000e+02
4.202400000000000091e+02 9.190000000000000000e+02
4.204900000000000091e+02 9.710000000000000000e+02
4.207400000000000091e+02 1.031000000000000000e+03
4.209900000000000091e+02 1.023000000000000000e+03
4.212400000000000091e+02 8.900000000000000000e+02
4.214900000000000091e+02 9.940000000000000000e+02
4.217400000000000091e+02 1.128000000000000000e+03
4.219900000000000091e+02 1.011000000000000000e+03
4.222400000000000091e+02 8.320000000000000000e+02
4.224900000000000091e+02 9.300000000000000000e+02
4.227400000000000091e+02 7.860000000000000000e+02
4.229900000000000091e+02 8.860000000000000000e+02
4.232400000000000091e+02 9.220000000000000000e+02
4.234900000000000091e+02 9.120000000000000000e+02
4.237400000000000091e+02 1.072000000000000000e+03
4.239900000000000091e+02 9.470000000000000000e+02
4.242400000000000091e+02 1.094000000000000000e+03
4.244900000000000091e+02 8.870000000000000000e+02
4.247400000000000091e+02 9.050000000000000000e+02
4.249900000000000091e+02 8.010000000000000000e+02
4.252400000000000091e+02 9.670000000000000000e+02
4.254900000000000091e+02 9.380000000000000000e+02
4.257400000000000091e+02 8.010000000000000000e+02
4.259900000000000091e+02 7.640000000000000000e+02
4.262400000000000091e+02 9.140000000000000000e+02
4.264900000000000091e+02 9.750000000000000000e+02
4.267400000000000091e+02 8.760000000000000000e+02
4.269900000000000091e+02 9.900000000000000000e+02
4.272400000000000091e+02 8.690000000000000000e+02
4.274900000000000091e+02 9.010000000000000000e+02
4.277400000000000091e+02 1.151000000000000000e+03
4.279900000000000091e+02 8.190000000000000000e+02
4.282400000000000091e+02 9.620000000000000000e+02
4.284900000000000091e+02 7.480000000000000000e+02
4.287400000000000091e+02 9.720000000000000000e+02
4.289900000000000091e+02 8.590000000000000000e+02
4.292400000000000091e+02 8.750000000000000000e+02
4.294900000000000091e+02 9.670000000000000000e+02
4.297400000000000091e+02 1.174000000000000000e+03
4.299900000000000091e+02 1.050000000000000000e+03
4.302400000000000091e+02 1.056000000000000000e+03
4.304900000000000091e+02 9.150000000000000000e+02
4.307400000000000091e+02 9.310000000000000000e+02
4.309900000000000091e+02 9.070000000000000000e+02
4.312400000000000091e+02 8.550000000000000000e+02
4.314900000000000091e+02 7.530000000000000000e+02
4.317400000000000091e+02 9.780000000000000000e+02
4.319900000000000091e+02 9.680000000000000000e+02
4.322400000000000091e+02 9.640000000000000000e+02
4.324900000000000091e+02 1.091000000000000000e+03
4.327400000000000091e+02 1.215000000000000000e+03
4.329900000000000091e+02 1.159000000000000000e+03
4.332400000000000091e+02 9.780000000000000000e+02
4.334900000000000091e+02 9.430000000000000000e+02
4.337400000000000091e+02 9.480000000000000000e+02
4.339900000000000091e+02 1.121000000000000000e+03
4.342400000000000091e+02 1.044000000000000000e+03
4.344900000000000091e+02 1.022000000000000000e+03
4.347400000000000091e+02 1.129000000000000000e+03
4.349900000000000091e+02 1.116000000000000000e+03
4.352400000000000091e+02 1.393000000000000000e+03
4.354900000000000091e+02 1.186000000000000000e+03
4.357400000000000091e+02 1.220000000000000000e+03
4.359900000000000091e+02 1.226000000000000000e+03
4.362400000000000091e+02 1.307000000000000000e+03
4.364900000000000091e+02 1.158000000000000000e+03
4.367400000000000091e+02 1.159000000000000000e+03
4.369900000000000091e+02 1.189000000000000000e+03
4.372400000000000091e+02 1.230000000000000000e+03
4.374900000000000091e+02 1.333000000000000000e+03
4.377400000000000091e+02 1.470000000000000000e+03
4.379900000000000091e+02 1.580000000000000000e+03
4.382400000000000091e+02 1.395000000000000000e+03
4.384900000000000091e+02 1.356000000000000000e+03
4.387400000000000091e+02 1.134000000000000000e+03
4.389900000000000091e+02 1.488000000000000000e+03
4.392400000000000091e+02 1.522000000000000000e+03
4.394900000000000091e+02 1.474000000000000000e+03
4.397400000000000091e+02 1.532000000000000000e+03
4.399900000000000091e+02 1.520000000000000000e+03
4.402400000000000091e+02 1.528000000000000000e+03
4.404900000000000091e+02 1.379000000000000000e+03
4.407400000000000091e+02 1.613000000000000000e+03
4.409900000000000091e+02 1.570000000000000000e+03
4.412400000000000091e+02 1.516000000000000000e+03
4.414900000000000091e+02 1.715000000000000000e+03
4.417400000000000091e+02 1.672000000000000000e+03
4.419900000000000091e+02 1.793000000000000000e+03
4.422400000000000091e+02 1.767000000000000000e+03
4.424900000000000091e+02 1.730000000000000000e+03
4.427400000000000091e+02 1.735000000000000000e+03
4.429900000000000091e+02 1.884000000000000000e+03
4.432400000000000091e+02 1.837000000000000000e+03
4.434900000000000091e+02 1.902000000000000000e+03
4.437400000000000091e+02 1.864000000000000000e+03
4.439900000000000091e+02 2.097000000000000000e+03
4.442400000000000091e+02 1.957000000000000000e+03
4.444900000000000091e+02 2.017000000000000000e+03
4.447400000000000091e+02 2.059000000000000000e+03
4.449900000000000091e+02 1.924000000000000000e+03
4.452400000000000091e+02 2.057000000000000000e+03
4.454900000000000091e+02 2.297000000000000000e+03
4.457400000000000091e+02 1.894000000000000000e+03
4.459900000000000091e+02 1.966000000000000000e+03
4.462400000000000091e+02 2.276000000000000000e+03
4.464900000000000091e+02 2.489000000000000000e+03
4.467400000000000091e+02 2.375000000000000000e+03
4.469900000000000091e+02 2.560000000000000000e+03
4.472400000000000091e+02 2.465000000000000000e+03
4.474900000000000091e+02 2.482000000000000000e+03
4.477400000000000091e+02 2.583000000000000000e+03
4.479900000000000091e+02 2.509000000000000000e+03
4.482400000000000091e+02 2.575000000000000000e+03
4.484900000000000091e+02 2.676000000000000000e+03
4.487400000000000091e+02 2.814000000000000000e+03
4.489900000000000091e+02 2.636000000000000000e+03
4.492400000000000091e+02 2.845000000000000000e+03
4.494900000000000091e+02 2.784000000000000000e+03
4.497400000000000091e+02 3.022000000000000000e+03
4.499900000000000091e+02 3.010000000000000000e+03
4.502400000000000091e+02 3.147000000000000000e+03
4.504900000000000091e+02 3.125000000000000000e+03
4.507400000000000091e+02 3.203000000000000000e+03
4.509900000000000091e+02 3.073000000000000000e+03
4.512400000000000091e+02 3.199000000000000000e+03
4.514900000000000091e+02 3.264000000000000000e+03
4.517400000000000091e+02 3.320000000000000000e+03
4.519900000000000091e+02 3.494000000000000000e+03
4.522400000000000091e+02 3.543000000000000000e+03
4.524900000000000091e+02 3.516000000000000000e+03
4.527400000000000091e+02 3.686000000000000000e+03
4.529900000000000091e+02 3.666000000000000000e+03
4.532400000000000091e+02 3.656000000000000000e+03
4.534900000000000091e+02 3.808000000000000000e+03
4.537400000000000091e+02 3.812000000000000000e+03
4.539900000000000091e+02 3.828000000000000000e+03
4.542400000000000091e+02 3.851000000000000000e+03
4.544900000000000091e+02 3.988000000000000000e+03
4.547400000000000091e+02 3.816000000000000000e+03
4.549900000000000091e+02 4.137000000000000000e+03
4.552400000000000091e+02 4.154000000000000000e+03
4.554900000000000091e+02 4.209000000000000000e+03
4.557400000000000091e+02 4.347000000000000000e+03
4.559900000000000091e+02 4.432000000000000000e+03
4.562400000000000091e+02 4.350000000000000000e+03
4.564900000000000091e+02 4.506000000000000000e+03
4.567400000000000091e+02 4.699000000000000000e+03
4.569900000000000091e+02 4.744000000000000000e+03
4.572400000000000091e+02 4.724000000000000000e+03
4.574900000000000091e+02 4.786000000000000000e+03
4.577400000000000091e+02 4.735000000000000000e+03
4.579900000000000091e+02 4.943000000000000000e+03
4.582400000000000091e+02 4.845000000000000000e+03
4.584900000000000091e+02 5.080000000000000000e+03
4.587400000000000091e+02 5.071000000000000000e+03
4.589900000000000091e+02 5.212000000000000000e+03
4.592400000000000091e+02 5.386000000000000000e+03
4.594900000000000091e+02 5.400000000000000000e+03
4.597400000000000091e+02 5.477000000000000000e+03
4.599900000000000091e+02 5.470000000000000000e+03
4.602400000000000091e+02 5.710000000000000000e+03
4.604900000000000091e+02 5.529000000000000000e+03
4.607400000000000091e+02 5.852000000000000000e+03
4.609900000000000091e+02 5.777000000000000000e+03
4.612400000000000091e+02 5.809000000000000000e+03
4.614900000000000091e+02 5.870000000000000000e+03
4.617400000000000091e+02 6.142000000000000000e+03
4.619900000000000091e+02 6.222000000000000000e+03
4.622400000000000091e+02 6.226000000000000000e+03
4.624900000000000091e+02 6.451000000000000000e+03
4.627400000000000091e+02 6.330000000000000000e+03
4.629900000000000091e+02 6.494000000000000000e+03
4.632400000000000091e+02 6.604000000000000000e+03
4.634900000000000091e+02 6.643000000000000000e+03
4.637400000000000091e+02 6.633000000000000000e+03
4.639900000000000091e+02 6.748000000000000000e+03
4.642400000000000091e+02 6.810000000000000000e+03
4.644900000000000091e+02 6.830000000000000000e+03
4.647400000000000091e+02 7.108000000000000000e+03
4.649900000000000091e+02 7.147000000000000000e+03
4.652400000000000091e+02 7.323000000000000000e+03
4.654900000000000091e+02 7.323000000000000000e+03
4.657400000000000091e+02 7.357000000000000000e+03
4.659900000000000091e+02 7.449000000000000000e+03
4.662400000000000091e+02 7.559000000000000000e+03
4.664900000000000091e+02 7.618000000000000000e+03
4.667400000000000091e+02 7.636000000000000000e+03
4.669900000000000091e+02 7.913000000000000000e+03
4.672400000000000091e+02 7.927000000000000000e+03
4.674900000000000091e+02 7.918000000000000000e+03
4.677400000000000091e+02 8.118000000000000000e+03
4.679900000000000091e+02 8.115000000000000000e+03
4.682400000000000091e+02 8.369000000000000000e+03
4.684900000000000091e+02 8.456000000000000000e+03
4.687400000000000091e+02 8.444000000000000000e+03
4.689900000000000091e+02 8.542000000000000000e+03
4.692400000000000091e+02 8.772000000000000000e+03
4.694900000000000091e+02 8.886000000000000000e+03
4.697400000000000091e+02 8.950000000000000000e+03
4.699900000000000091e+02 8.848000000000000000e+03
4.702400000000000091e+02 9.180000000000000000e+03
4.704900000000000091e+02 9.306000000000000000e+03
4.707400000000000091e+02 9.534000000000000000e+03
4.709900000000000091e+02 9.560000000000000000e+03
4.712400000000000091e+02 9.835000000000000000e+03
4.714900000000000091e+02 9.809000000000000000e+03
4.717400000000000091e+02 1.006600000000000000e+04
4.719900000000000091e+02 1.012000000000000000e+04
4.722400000000000091e+02 1.025700000000000000e+04
4.724900000000000091e+02 1.040400000000000000e+04
4.727400000000000091e+02 1.047200000000000000e+04
4.729900000000000091e+02 1.084500000000000000e+04
4.732400000000000091e+02 1.091400000000000000e+04
4.734900000000000091e+02 1.097800000000000000e+04
4.737400000000000091e+02 1.139800000000000000e+04
4.739900000000000091e+02 1.152400000000000000e+04
4.742400000000000091e+02 1.160400000000000000e+04
4.744900000000000091e+02 1.189500000000000000e+04
4.747400000000000091e+02 1.190600000000000000e+04
4.749900000000000091e+02 1.222400000000000000e+04
4.752400000000000091e+02 1.238800000000000000e+04
4.754900000000000091e+02 1.278100000000000000e+04
4.757400000000000091e+02 1.269500000000000000e+04
4.759900000000000091e+02 1.308000000000000000e+04
4.762400000000000091e+02 1.351500000000000000e+04
4.764900000000000091e+02 1.358700000000000000e+04
4.767400000000000091e+02 1.379100000000000000e+04
4.769900000000000091e+02 1.408300000000000000e+04
4.772400000000000091e+02 1.439800000000000000e+04
4.774900000000000091e+02 1.451900000000000000e+04
4.777400000000000091e+02 1.477100000000000000e+04
4.779900000000000091e+02 1.510500000000000000e+04
4.782400000000000091e+02 1.529100000000000000e+04
4.784900000000000091e+02 1.558200000000000000e+04
4.787400000000000091e+02 1.572500000000000000e+04
4.789900000000000091e+02 1.608100000000000000e+04
4.792400000000000091e+02 1.640300000000000000e+04
4.794900000000000091e+02 1.674900000000000000e+04
4.797400000000000091e+02 1.674700000000000000e+04
4.799900000000000091e+02 1.712900000000000000e+04
4.802400000000000091e+02 1.735600000000000000e+04
4.804900000000000091e+02 1.774300000000000000e+04
4.807400000000000091e+02 1.794600000000000000e+04
4.809900000000000091e+02 1.827300000000000000e+04
4.812400000000000091e+02 1.858300000000000000e+04
4.814900000000000091e+02 1.873500000000000000e+04
4.817400000000000091e+02 1.899500000000000000e+04
4.819900000000000091e+02 1.924300000000000000e+04
4.822400000000000091e+02 1.975000000000000000e+04
4.824900000000000091e+02 1.985600000000000000e+04
4.827400000000000091e+02 2.035800000000000000e+04
4.829900000000000091e+02 2.079100000000000000e+04
4.832400000000000091e+02 2.087600000000000000e+04
4.834900000000000091e+02 2.117500000000000000e+04
4.837400000000000091e+02 2.168900000000000000e+04
4.839900000000000091e+02 2.198200000000000000e+04
4.842400000000000091e+02 2.215000000000000000e+04
4.844900000000000091e+02 2.243400000000000000e+04
4.847400000000000091e+02 2.280500000000000000e+04
4.849900000000000091e+02 2.307200000000000000e+04
4.852400000000000091e+02 2.363700000000000000e+04
4.854900000000000091e+02 2.371900000000000000e+04
4.857400000000000091e+02 2.424500000000000000e+04
4.859900000000000091e+02 2.455100000000000000e+04
4.862400000000000091e+02 2.472400000000000000e+04
4.864900000000000091e+02 2.501200000000000000e+04
4.867400000000000091e+02 2.542600000000000000e+04
4.869900000000000091e+02 2.572800000000000000e+04
4.872400000000000091e+02 2.595200000000000000e+04
4.874900000000000091e+02 2.640400000000000000e+04
4.877400000000000091e+02 2.667900000000000000e+04
4.879900000000000091e+02 2.703300000000000000e+04
4.882400000000000091e+02 2.742800000000000000e+04
4.884900000000000091e+02 2.782100000000000000e+04
4.887400000000000091e+02 2.807800000000000000e+04
4.889900000000000091e+02 2.817700000000000000e+04
4.892400000000000091e+02 2.864300000000000000e+04
4.894900000000000091e+02 2.897800000000000000e+04
4.897400000000000091e+02 2.918800000000000000e+04
4.899900000000000091e+02 2.933700000000000000e+04
4.902400000000000091e+02 2.981100000000000000e+04
4.904900000000000091e+02 3.013900000000000000e+04
4.907400000000000091e+02 3.027100000000000000e+04
4.909900000000000091e+02 3.063600000000000000e+04
4.912400000000000091e+02 3.087900000000000000e+04
4.914900000000000091e+02 3.111600000000000000e+04
4.917400000000000091e+02 3.149700000000000000e+04
4.919900000000000091e+02 3.174200000000000000e+04
4.922400000000000091e+02 3.184200000000000000e+04
4.924900000000000091e+02 3.206300000000000000e+04
4.927400000000000091e+02 3.255000000000000000e+04
4.929900000000000091e+02 3.281000000000000000e+04
4.932400000000000091e+02 3.294500000000000000e+04
4.934900000000000091e+02 3.320400000000000000e+04
4.937400000000000091e+02 3.316400000000000000e+04
4.939900000000000091e+02 3.364700000000000000e+04
4.942400000000000091e+02 3.355100000000000000e+04
4.944900000000000091e+02 3.375600000000000000e+04
4.947400000000000091e+02 3.397900000000000000e+04
4.949900000000000091e+02 3.409800000000000000e+04
4.952400000000000091e+02 3.434500000000000000e+04
4.954900000000000091e+02 3.470300000000000000e+04
4.957400000000000091e+02 3.488100000000000000e+04
4.959900000000000091e+02 3.514100000000000000e+04
4.962400000000000091e+02 3.511700000000000000e+04
4.964900000000000091e+02 3.545700000000000000e+04
4.967400000000000091e+02 3.550600000000000000e+04
4.969900000000000091e+02 3.572100000000000000e+04
4.972400000000000091e+02 3.581200000000000000e+04
4.974900000000000091e+02 3.594400000000000000e+04
4.977400000000000091e+02 3.598500000000000000e+04
4.979900000000000091e+02 3.616400000000000000e+04
4.982400000000000091e+02 3.647000000000000000e+04
4.984900000000000091e+02 3.660100000000000000e+04
4.987400000000000091e+02 3.668800000000000000e+04
4.989900000000000091e+02 3.700500000000000000e+04
4.992400000000000091e+02 3.714200000000000000e+04
4.994900000000000091e+02 3.727400000000000000e+04
4.997400000000000091e+02 3.763300000000000000e+04
4.999900000000000091e+02 3.750200000000000000e+04
5.002400000000000091e+02 3.782700000000000000e+04
5.004900000000000091e+02 3.775100000000000000e+04
5.007400000000000091e+02 3.813900000000000000e+04
5.009900000000000091e+02 3.823500000000000000e+04
5.012400000000000091e+02 3.854800000000000000e+04
5.014900000000000091e+02 3.876700000000000000e+04
5.017400000000000091e+02 3.888300000000000000e+04
5.019900000000000091e+02 3.908800000000000000e+04
5.022400000000000091e+02 3.924300000000000000e+04
5.024900000000000091e+02 3.947900000000000000e+04
5.027400000000000091e+02 3.984200000000000000e+04
5.029900000000000091e+02 4.002600000000000000e+04
5.032400000000000091e+02 4.019500000000000000e+04
5.034900000000000091e+02 4.039200000000000000e+04
5.037400000000000091e+02 4.059500000000000000e+04
5.039900000000000091e+02 4.082100000000000000e+04
5.042400000000000091e+02 4.111800000000000000e+04
5.044900000000000091e+02 4.159700000000000000e+04
5.047400000000000091e+02 4.178900000000000000e+04
5.049900000000000091e+02 4.207900000000000000e+04
5.052400000000000091e+02 4.235800000000000000e+04
5.054900000000000091e+02 4.274200000000000000e+04
5.057400000000000091e+02 4.304800000000000000e+04
5.059900000000000091e+02 4.333600000000000000e+04
5.062400000000000091e+02 4.385000000000000000e+04
5.064900000000000091e+02 4.401400000000000000e+04
5.067400000000000091e+02 4.457000000000000000e+04
5.069900000000000091e+02 4.475900000000000000e+04
5.072400000000000091e+02 4.537100000000000000e+04
5.074900000000000091e+02 4.597000000000000000e+04
5.077400000000000091e+02 4.626300000000000000e+04
5.079900000000000091e+02 4.679700000000000000e+04
5.082400000000000091e+02 4.720000000000000000e+04
5.084900000000000091e+02 4.791200000000000000e+04
5.087400000000000091e+02 4.836400000000000000e+04
5.089900000000000091e+02 4.880300000000000000e+04
5.092400000000000091e+02 4.954900000000000000e+04
5.094900000000000091e+02 4.979000000000000000e+04
5.097400000000000091e+02 5.052200000000000000e+04
5.099900000000000091e+02 5.139200000000000000e+04
5.102400000000000091e+02 5.178000000000000000e+04
5.104900000000000091e+02 5.222600000000000000e+04
5.107400000000000091e+02 5.319200000000000000e+04
5.109900000000000091e+02 5.390100000000000000e+04
5.112400000000000091e+02 5.462700000000000000e+04
5.114900000000000091e+02 5.528100000000000000e+04
5.117400000000000091e+02 5.604600000000000000e+04
5.119900000000000091e+02 5.672100000000000000e+04
5.122400000000000091e+02 5.730600000000000000e+04
5.124900000000000091e+02 5.834300000000000000e+04
5.127400000000000091e+02 5.924900000000000000e+04
5.129900000000000091e+02 6.001300000000000000e+04
5.132400000000000091e+02 6.077700000000000000e+04
5.134900000000000091e+02 6.147500000000000000e+04
5.137400000000000091e+02 6.243200000000000000e+04
5.139900000000000091e+02 6.305500000000000000e+04
5.142400000000000091e+02 6.417100000000000000e+04
5.144900000000000091e+02 6.505800000000000000e+04
5.147400000000000091e+02 6.589500000000000000e+04
5.149900000000000091e+02 6.682300000000000000e+04
5.152400000000000091e+02 6.816100000000000000e+04
5.154900000000000091e+02 6.938400000000000000e+04
5.157400000000000091e+02 7.051300000000000000e+04
5.159900000000000091e+02 7.174600000000000000e+04
5.162400000000000091e+02 7.286400000000000000e+04
5.164900000000000091e+02 7.391600000000000000e+04
5.167400000000000091e+02 7.494700000000000000e+04
5.169900000000000091e+02 7.592600000000000000e+04
5.172400000000000091e+02 7.686100000000000000e+04
5.174900000000000091e+02 7.788400000000000000e+04
5.177400000000000091e+02 7.914300000000000000e+04
5.179900000000000091e+02 8.009500000000000000e+04
5.182400000000000091e+02 8.102700000000000000e+04
5.184900000000000091e+02 8.195900000000000000e+04
5.187400000000000091e+02 8.292400000000000000e+04
5.189900000000000091e+02 8.422400000000000000e+04
5.192400000000000091e+02 8.474800000000000000e+04
5.194900000000000091e+02 8.615500000000000000e+04
5.197400000000000091e+02 8.716300000000000000e+04
5.199900000000000091e+02 8.814600000000000000e+04
5.202400000000000091e+02 8.930400000000000000e+04
5.204900000000000091e+02 9.021700000000000000e+04
5.207400000000000091e+02 9.112300000000000000e+04
5.209900000000000091e+02 9.257500000000000000e+04
5.212400000000000091e+02 9.377000000000000000e+04
5.214900000000000091e+02 9.443700000000000000e+04
5.217400000000000091e+02 9.542800000000000000e+04
5.219900000000000091e+02 9.623900000000000000e+04
5.222400000000000091e+02 9.718100000000000000e+04
5.224900000000000091e+02 9.844900000000000000e+04
5.227400000000000091e+02 9.906700000000000000e+04
5.229900000000000091e+02 1.001400000000000000e+05
5.232400000000000091e+02 1.014020000000000000e+05
5.234900000000000091e+02 1.022000000000000000e+05
5.237400000000000091e+02 1.027140000000000000e+05
5.239900000000000091e+02 1.039170000000000000e+05
5.242400000000000091e+02 1.049830000000000000e+05
5.244900000000000091e+02 1.057160000000000000e+05
5.247400000000000091e+02 1.065080000000000000e+05
5.249900000000000091e+02 1.070200000000000000e+05
5.252400000000000091e+02 1.080690000000000000e+05
5.254900000000000091e+02 1.089820000000000000e+05
5.257400000000000091e+02 1.094700000000000000e+05
5.259900000000000091e+02 1.099680000000000000e+05
5.262400000000000091e+02 1.104150000000000000e+05
5.264900000000000091e+02 1.113420000000000000e+05
5.267400000000000091e+02 1.118470000000000000e+05
5.269900000000000091e+02 1.121990000000000000e+05
5.272400000000000091e+02 1.129460000000000000e+05
5.274900000000000091e+02 1.135430000000000000e+05
5.277400000000000091e+02 1.141780000000000000e+05
5.279900000000000091e+02 1.141650000000000000e+05
5.282400000000000091e+02 1.143640000000000000e+05
5.284900000000000091e+02 1.153260000000000000e+05
5.287400000000000091e+02 1.154040000000000000e+05
5.289900000000000091e+02 1.159400000000000000e+05
5.292400000000000091e+02 1.159070000000000000e+05
5.294900000000000091e+02 1.159480000000000000e+05
5.297400000000000091e+02 1.160000000000000000e+05
5.299900000000000091e+02 1.159440000000000000e+05
5.302400000000000091e+02 1.158230000000000000e+05
5.304900000000000091e+02 1.158990000000000000e+05
5.307400000000000091e+02 1.154960000000000000e+05
5.309900000000000091e+02 1.155370000000000000e+05
5.312400000000000091e+02 1.152940000000000000e+05
5.314900000000000091e+02 1.152180000000000000e+05
5.317400000000000091e+02 1.148510000000000000e+05
5.319900000000000091e+02 1.144410000000000000e+05
5.322400000000000091e+02 1.140970000000000000e+05
5.324900000000000091e+02 1.135770000000000000e+05
5.327400000000000091e+02 1.132970000000000000e+05
5.329900000000000091e+02 1.125670000000000000e+05
5.332400000000000091e+02 1.118660000000000000e+05
5.334900000000000091e+02 1.113090000000000000e+05
5.337400000000000091e+02 1.099810000000000000e+05
5.339900000000000091e+02 1.098980000000000000e+05
5.342400000000000091e+02 1.093640000000000000e+05
5.344900000000000091e+02 1.086730000000000000e+05
5.347400000000000091e+02 1.074930000000000000e+05
5.349900000000000091e+02 1.066730000000000000e+05
5.352400000000000091e+02 1.055420000000000000e+05
5.354900000000000091e+02 1.045410000000000000e+05
5.357400000000000091e+02 1.035560000000000000e+05
5.359900000000000091e+02 1.020820000000000000e+05
5.362400000000000091e+02 1.010530000000000000e+05
5.364900000000000091e+02 9.967900000000000000e+04
5.367400000000000091e+02 9.847400000000000000e+04
5.369900000000000091e+02 9.730400000000000000e+04
5.372400000000000091e+02 9.578300000000000000e+04
5.374900000000000091e+02 9.438800000000000000e+04
5.377400000000000091e+02 9.286400000000000000e+04
5.379900000000000091e+02 9.159200000000000000e+04
5.382400000000000091e+02 8.994500000000000000e+04
5.384900000000000091e+02 8.877300000000000000e+04
5.387400000000000091e+02 8.717600000000000000e+04
5.389900000000000091e+02 8.539200000000000000e+04
5.392400000000000091e+02 8.385300000000000000e+04
5.394900000000000091e+02 8.198600000000000000e+04
5.397400000000000091e+02 8.060800000000000000e+04
5.399900000000000091e+02 7.906600000000000000e+04
5.402400000000000091e+02 7.738700000000000000e+04
5.404900000000000091e+02 7.581800000000000000e+04
5.407400000000000091e+02 7.403800000000000000e+04
5.409900000000000091e+02 7.249700000000000000e+04
5.412400000000000091e+02 7.072000000000000000e+04
5.414900000000000091e+02 6.932300000000000000e+04
5.417400000000000091e+02 6.742200000000000000e+04
5.419900000000000091e+02 6.603300000000000000e+04
5.422400000000000091e+02 6.448400000000000000e+04
5.424900000000000091e+02 6.291900000000000000e+04
5.427400000000000091e+02 6.131100000000000000e+04
5.429900000000000091e+02 5.979800000000000000e+04
5.432400000000000091e+02 5.829900000000000000e+04
5.434900000000000091e+02 5.653500000000000000e+04
5.437400000000000091e+02 5.535400000000000000e+04
5.439900000000000091e+02 5.373700000000000000e+04
5.442400000000000091e+02 5.235600000000000000e+04
5.444900000000000091e+02 5.097800000000000000e+04
5.447400000000000091e+02 4.923500000000000000e+04
5.449900000000000091e+02 4.793500000000000000e+04
5.452400000000000091e+02 4.671600000000000000e+04
5.454900000000000091e+02 4.550800000000000000e+04
5.457400000000000091e+02 4.389900000000000000e+04
5.459900000000000091e+02 4.283100000000000000e+04
5.462400000000000091e+02 4.142000000000000000e+04
5.464900000000000091e+02 4.033100000000000000e+04
5.467400000000000091e+02 3.926900000000000000e+04
5.469900000000000091e+02 3.771400000000000000e+04
5.472400000000000091e+02 3.662600000000000000e+04
5.474900000000000091e+02 3.555000000000000000e+04
5.477400000000000091e+02 3.451000000000000000e+04
5.479900000000000091e+02 3.338200000000000000e+04
5.482400000000000091e+02 3.217100000000000000e+04
5.484900000000000091e+02 3.124700000000000000e+04
5.487400000000000091e+02 3.021000000000000000e+04
5.489900000000000091e+02 2.934500000000000000e+04
5.492400000000000091e+02 2.813400000000000000e+04
5.494900000000000091e+02 2.718000000000000000e+04
5.497400000000000091e+02 2.629800000000000000e+04
5.499900000000000091e+02 2.526500000000000000e+04
5.502400000000000091e+02 2.447100000000000000e+04
5.504900000000000091e+02 2.346200000000000000e+04
5.507400000000000091e+02 2.295800000000000000e+04
5.509900000000000091e+02 2.215700000000000000e+04
5.512400000000000091e+02 2.139600000000000000e+04
5.514900000000000091e+02 2.061600000000000000e+04
5.517400000000000091e+02 1.958400000000000000e+04
5.519900000000000091e+02 1.912800000000000000e+04
5.522400000000000091e+02 1.827200000000000000e+04
5.524900000000000091e+02 1.770400000000000000e+04
5.527400000000000091e+02 1.695500000000000000e+04
5.529900000000000091e+02 1.634400000000000000e+04
5.532400000000000091e+02 1.582500000000000000e+04
5.534900000000000091e+02 1.520800000000000000e+04
5.537400000000000091e+02 1.480400000000000000e+04
5.539900000000000091e+02 1.420300000000000000e+04
5.542400000000000091e+02 1.371000000000000000e+04
5.544900000000000091e+02 1.319700000000000000e+04
5.547400000000000091e+02 1.250300000000000000e+04
5.549900000000000091e+02 1.203300000000000000e+04
5.552400000000000091e+02 1.140880096688910453e+04
5.554900000000000091e+02 1.095914840475983146e+04
5.557400000000000091e+02 1.052721790012075144e+04
5.559900000000000091e+02 1.011231097741955091e+04
5.562400000000000091e+02 9.713756689967152852e+03
5.564900000000000091e+02 9.330910534948718123e+03
5.567400000000000091e+02 8.963153411197019523e+03
5.569900000000000091e+02 8.609890618042914866e+03
5.572400000000000091e+02 8.270550893623876618e+03
5.574900000000000091e+02 7.944585491095464931e+03
5.577400000000000091e+02 7.631467291251874485e+03
5.579900000000000091e+02 7.330689950120568938e+03
5.582400000000000091e+02 7.041767080152591006e+03
5.584900000000000091e+02 6.764231463684424853e+03
5.587400000000000091e+02 6.497634297399516072e+03
5.589900000000000091e+02 6.241544466567677773e+03
5.592400000000000091e+02 5.995547847888718934e+03
5.594900000000000091e+02 5.759246639812956346e+03
5.597400000000000091e+02 5.532258719255653887e+03
5.599900000000000091e+02 5.314217023665127272e+03
5.602400000000000091e+02 5.104768957445281558e+03
5.604900000000000091e+02 4.903575821772659765e+03
5.607400000000000091e+02 4.710312266886009638e+03
5.609900000000000091e+02 4.524665765962628939e+03
5.612400000000000091e+02 4.346336109730709722e+03
5.614900000000000091e+02 4.175034921000418763e+03
5.617400000000000091e+02 4.010485188328648746e+03
5.619900000000000091e+02 3.852420818063348179e+03
5.622400000000000091e+02 3.700586204043021098e+03
5.624900000000000091e+02 3.554735814255572677e+03
5.627400000000000091e+02 3.414633793788074399e+03
5.629900000000000091e+02 3.280053583425383295e+03
5.632400000000000091e+02 3.150777553280850043e+03
5.634900000000000091e+02 3.026596650866662912e+03
5.637400000000000091e+02 2.907310063034711220e+03
5.639900000000000091e+02 2.792724891241303794e+03
5.642400000000000091e+02 2.682655839610607472e+03
5.644900000000000091e+02 2.576924915292371224e+03
5.647400000000000091e+02 2.475361140629385773e+03
5.649900000000000091e+02 2.377800276669222512e+03
5.652400000000000091e+02 2.284084557573146867e+03
5.654900000000000091e+02 2.194062435492711302e+03
5.657400000000000091e+02 2.107588335501474376e+03
5.659900000000000091e+02 2.024522420185535339e+03
5.662400000000000091e+02 1.944730363512220265e+03
5.664900000000000091e+02 1.868083133611223275e+03
5.667400000000000091e+02 1.794456784116950985e+03
5.669900000000000091e+02 1.723732253734643564e+03
5.672400000000000091e+02 1.655795173706154173e+03
5.674900000000000091e+02 1.590535682864035152e+03
5.677400000000000091e+02 1.527848249974857026e+03
5.679900000000000091e+02 1.467631503084473707e+03
5.682400000000000091e+02 1.409788065589260896e+03
5.684900000000000091e+02 1.354224398768247056e+03
5.687400000000000091e+02 1.300850650521488433e+03
5.689900000000000091e+02 1.249580510070084074e+03
5.692400000000000091e+02 1.200331068382871308e+03
5.694900000000000091e+02 1.153022684104089649e+03
5.697400000000000091e+02 1.107578854765208007e+03
5.699900000000000091e+02 1.063926093072654112e+03
5.702400000000000091e+02 1.021993808071388571e+03
5.704900000000000091e+02 9.817141909921487013e+02
5.707400000000000091e+02 9.430221055977749529e+02
5.709900000000000091e+02 9.058549828512900604e+02
5.712400000000000091e+02 8.701527197354037071e+02
5.714900000000000091e+02 8.358575820598211976e+02
5.717400000000000091e+02 8.029141110991860160e+02
5.719900000000000091e+02 7.712690339106808324e+02
5.722400000000000091e+02 7.408711771862616615e+02
5.724900000000000091e+02 7.116713845002146854e+02
5.727400000000000091e+02 6.836224368182159878e+02
5.729900000000000091e+02 6.566789761393513345e+02
5.732400000000000091e+02 6.307974321476164050e+02
5.734900000000000091e+02 6.059359517542842468e+02
5.737400000000000091e+02 5.820543314172042528e+02
5.739900000000000091e+02 5.591139521275871402e+02
5.742400000000000091e+02 5.370777169591383426e+02
5.744900000000000091e+02 5.159099910785571410e+02
5.747400000000000091e+02 4.955765441203865862e+02
5.749900000000000091e+02 4.760444948330314787e+02
5.752400000000000091e+02 4.572822579064303454e+02
5.754900000000000091e+02 4.392594928953975568e+02
5.757400000000000091e+02 4.219470551560372087e+02
5.759900000000000091e+02 4.053169487158905326e+02
5.762400000000000091e+02 3.893422810016008384e+02
5.764900000000000091e+02 3.739972193508879741e+02
5.767400000000000091e+02 3.592569492385058538e+02
5.769900000000000091e+02 3.450976341486319825e+02
5.772400000000000091e+02 3.314963770287968146e+02
5.774900000000000091e+02 3.184311832630214667e+02
5.777400000000000091e+02 3.058809251042873143e+02
5.779900000000000091e+02 2.938253075088197193e+02
5.782400000000000091e+02 2.822448353169388611e+02
5.784900000000000091e+02 2.711207817274035392e+02
5.787400000000000091e+02 2.604351580142693479e+02
5.789900000000000091e+02 2.501706844372891680e+02
5.792400000000000091e+02 2.403107622988162575e+02
5.794900000000000091e+02 2.308394471020216372e+02
5.797400000000000091e+02 2.217414227670215610e+02
5.799900000000000091e+02 2.130019768632186583e+02
5.802400000000000091e+02 2.046069768178052186e+02
5.804900000000000091e+02 1.965428470619560812e+02
5.807400000000000091e+02 1.887965470777528196e+02
5.809900000000000091e+02 1.813555503103405613e+02
5.812400000000000091e+02 1.742078239112143763e+02
5.814900000000000091e+02 1.673418092798799535e+02
5.817400000000000091e+02 1.607464033724207582e+02
5.819900000000000091e+02 1.544109407467471442e+02
5.822400000000000091e+02 1.483251763154917171e+02
5.824900000000000091e+02 1.424792687786611225e+02
5.827400000000000091e+02 1.368637647092532177e+02
5.829900000000000091e+02 1.314695832661041663e+02
5.832400000000000091e+02 1.262880015092448502e+02
5.834900000000000091e+02 1.213106402940196347e+02
5.837400000000000091e+02 1.165294507211575734e+02
5.839900000000000091e+02 1.119367011208835834e+02
5.842400000000000091e+02 1.075249645500221192e+02
5.844900000000000091e+02 1.032871067818748685e+02
5.847400000000000091e+02 9.921627476945052138e+01
5.849900000000000091e+02 9.530588556339090189e+01
5.852400000000000091e+02 9.154961566667243744e+01
5.854900000000000091e+02 8.794139080886826321e+01
5.857400000000000091e+02 8.447537612343528224e+01
5.859900000000000091e+02 8.114596671214161461e+01
5.862400000000000091e+02 7.794777858137607041e+01
5.864900000000000091e+02 7.487563993568294052e+01
5.867400000000000091e+02 7.192458281444285717e+01
5.869900000000000091e+02 6.908983505817516857e+01
5.872400000000000091e+02 6.636681259147081846e+01
5.874900000000000091e+02 6.375111201007610617e+01
5.877400000000000091e+02 6.123850346014033619e+01
5.879900000000000091e+02 5.882492379811183980e+01
5.882400000000000091e+02 5.650647002022173382e+01
5.884900000000000091e+02 5.427939295092985361e+01
5.887400000000000091e+02 5.214009118012663890e+01
5.889900000000000091e+02 5.008510523928671887e+01
5.892400000000000091e+02 4.811111200715651393e+01
5.894900000000000091e+02 4.621491933592918855e+01
5.897400000000000091e+02 4.439346088921700328e+01
5.899900000000000091e+02 4.264379118347356723e+01
5.902400000000000091e+02 4.096308082484740964e+01
5.904900000000000091e+02 3.934861193376431743e+01
5.907400000000000091e+02 3.779777374983969906e+01
5.909900000000000091e+02 3.630805841001355105e+01
5.912400000000000091e+02 3.487705689308081958e+01
5.914900000000000091e+02 3.350245512405911796e+01
5.917400000000000091e+02 3.218203023209416358e+01
5.919900000000000091e+02 3.091364695585152944e+01
5.922400000000000091e+02 2.969525419058192739e+01
5.924900000000000091e+02 2.852488167127622987e+01
5.927400000000000091e+02 2.740063678654658830e+01
5.929900000000000091e+02 2.632070151808130376e+01
5.932400000000000091e+02 2.528332950072439900e+01
5.934900000000000091e+02 2.428684319842550465e+01
5.937400000000000091e+02 2.332963119149347619e+01
5.939900000000000091e+02 2.241014557076688973e+01
5.942400000000000091e+02 2.152689943448750398e+01
5.944900000000000091e+02 2.067846448382888269e+01
5.947400000000000091e+02 1.986346871319198115e+01
5.949900000000000091e+02 1.908059419153250502e+01
5.952400000000000091e+02 1.832857493113243308e+01
5.954900000000000091e+02 1.760619484036910620e+01
5.957400000000000091e+02 1.691228575717139293e+01
5.959900000000000091e+02 1.624572555998284429e+01
5.962400000000000091e+02 1.560543635317698197e+01
5.964900000000000091e+02 1.499038272399050342e+01
5.967400000000000091e+02 1.439957006815549612e+01
5.969900000000000091e+02 1.383204298152321421e+01
5.972400000000000091e+02 1.328688371507839783e+01
5.974900000000000091e+02 1.276321069084578852e+01
5.977400000000000091e+02 1.226017707628888154e+01
5.979900000000000091e+02 1.177696941489559990e+01
5.982400000000000091e+02 1.131280631073638432e+01
5.984900000000000091e+02 1.086693716486750994e+01
5.987400000000000091e+02 1.043864096153625809e+01
5.989900000000000091e+02 1.002722510222512398e+01
5.992400000000000091e+02 9.632024285649572803e+00
5.994900000000000091e+02 9.252399431898206572e+00
5.997400000000000091e+02 8.887736648975549159e+00
5.999900000000000091e+02 8.537446240076267401e+00
6.002400000000000091e+02 8.200961749985454574e+00
6.004900000000000091e+02 7.877739049062954635e+00
6.007400000000000091e+02 7.567255453330380632e+00
6.009900000000000091e+02 7.269008879237981446e+00
6.012400000000000091e+02 0.000000000000000000e+00
6.014900000000000091e+02 0.000000000000000000e+00
6.017400000000000091e+02 0.000000000000000000e+00
6.019900000000000091e+02 0.000000000000000000e+00
6.022400000000000091e+02 0.000000000000000000e+00
6.024900000000000091e+02 0.000000000000000000e+00
6.027400000000000091e+02 0.000000000000000000e+00
6.029900000000000091e+02 0.000000000000000000e+00
6.032400000000000091e+02 0.000000000000000000e+00
6.034900000000000091e+02 0.000000000000000000e+00
6.037400000000000091e+02 0.000000000000000000e+00
6.039900000000000091e+02 0.000000000000000000e+00
6.042400000000000091e+02 0.000000000000000000e+00
6.044900000000000091e+02 0.000000000000000000e+00
6.047400000000000091e+02 0.000000000000000000e+00
6.049900000000000091e+02 0.000000000000000000e+00
6.052400000000000091e+02 0.000000000000000000e+00
6.054900000000000091e+02 0.000000000000000000e+00
6.057400000000000091e+02 0.000000000000000000e+00
6.059900000000000091e+02 0.000000000000000000e+00
6.062400000000000091e+02 0.000000000000000000e+00
6.064900000000000091e+02 0.000000000000000000e+00
6.067400000000000091e+02 0.000000000000000000e+00
6.069900000000000091e+02 0.000000000000000000e+00
6.072400000000000091e+02 0.000000000000000000e+00
6.074900000000000091e+02 0.000000000000000000e+00
6.077400000000000091e+02 0.000000000000000000e+00
6.079900000000000091e+02 0.000000000000000000e+00
6.082400000000000091e+02 0.000000000000000000e+00
6.084900000000000091e+02 0.000000000000000000e+00
6.087400000000000091e+02 0.000000000000000000e+00
6.089900000000000091e+02 0.000000000000000000e+00
6.092400000000000091e+02 0.000000000000000000e+00
6.094900000000000091e+02 0.000000000000000000e+00
6.097400000000000091e+02 0.000000000000000000e+00
6.099900000000000091e+02 0.000000000000000000e+00
6.102400000000000091e+02 0.000000000000000000e+00
6.104900000000000091e+02 0.000000000000000000e+00
6.107400000000000091e+02 0.000000000000000000e+00
6.109900000000000091e+02 0.000000000000000000e+00
6.112400000000000091e+02 0.000000000000000000e+00
6.114900000000000091e+02 0.000000000000000000e+00
6.117400000000000091e+02 0.000000000000000000e+00
6.119900000000000091e+02 0.000000000000000000e+00
6.122400000000000091e+02 0.000000000000000000e+00
6.124900000000000091e+02 0.000000000000000000e+00
6.127400000000000091e+02 0.000000000000000000e+00
6.129900000000000091e+02 0.000000000000000000e+00
6.132400000000000091e+02 0.000000000000000000e+00
6.134900000000000091e+02 0.000000000000000000e+00
6.137400000000000091e+02 0.000000000000000000e+00
6.139900000000000091e+02 0.000000000000000000e+00
6.142400000000000091e+02 0.000000000000000000e+00
6.144900000000000091e+02 0.000000000000000000e+00
6.147400000000000091e+02 0.000000000000000000e+00
6.149900000000000091e+02 0.000000000000000000e+00
6.152400000000000091e+02 0.000000000000000000e+00
6.154900000000000091e+02 0.000000000000000000e+00
6.157400000000000091e+02 0.000000000000000000e+00
6.159900000000000091e+02 0.000000000000000000e+00
6.162400000000000091e+02 0.000000000000000000e+00
6.164900000000000091e+02 0.000000000000000000e+00
6.167400000000000091e+02 0.000000000000000000e+00
6.169900000000000091e+02 0.000000000000000000e+00
6.172400000000000091e+02 0.000000000000000000e+00
6.174900000000000091e+02 0.000000000000000000e+00
6.177400000000000091e+02 0.000000000000000000e+00
6.179900000000000091e+02 0.000000000000000000e+00
6.182400000000000091e+02 0.000000000000000000e+00
6.184900000000000091e+02 0.000000000000000000e+00
6.187400000000000091e+02 0.000000000000000000e+00
6.189900000000000091e+02 0.000000000000000000e+00
6.192400000000000091e+02 0.000000000000000000e+00
6.194900000000000091e+02 0.000000000000000000e+00
6.197400000000000091e+02 0.000000000000000000e+00
6.199900000000000091e+02 0.000000000000000000e+00
6.202400000000000091e+02 0.000000000000000000e+00
6.204900000000000091e+02 0.000000000000000000e+00
6.207400000000000091e+02 0.000000000000000000e+00
6.209900000000000091e+02 0.000000000000000000e+00
6.212400000000000091e+02 0.000000000000000000e+00
6.214900000000000091e+02 0.000000000000000000e+00
6.217400000000000091e+02 0.000000000000000000e+00
6.219900000000000091e+02 0.000000000000000000e+00
6.222400000000000091e+02 0.000000000000000000e+00
6.224900000000000091e+02 0.000000000000000000e+00
6.227400000000000091e+02 0.000000000000000000e+00
6.229900000000000091e+02 0.000000000000000000e+00
6.232400000000000091e+02 0.000000000000000000e+00
6.234900000000000091e+02 0.000000000000000000e+00
6.237400000000000091e+02 0.000000000000000000e+00
6.239900000000000091e+02 0.000000000000000000e+00
6.242400000000000091e+02 0.000000000000000000e+00
6.244900000000000091e+02 0.000000000000000000e+00
6.247400000000000091e+02 0.000000000000000000e+00
6.249900000000000091e+02 0.000000000000000000e+00
6.252400000000000091e+02 0.000000000000000000e+00
6.254900000000000091e+02 0.000000000000000000e+00
6.257400000000000091e+02 0.000000000000000000e+00
6.259900000000000091e+02 0.000000000000000000e+00
6.262400000000000091e+02 0.000000000000000000e+00
6.264900000000000091e+02 0.000000000000000000e+00
6.267400000000000091e+02 0.000000000000000000e+00
6.269900000000000091e+02 0.000000000000000000e+00
6.272400000000000091e+02 0.000000000000000000e+00
6.274900000000000091e+02 0.000000000000000000e+00
6.277400000000000091e+02 0.000000000000000000e+00
6.279900000000000091e+02 0.000000000000000000e+00
6.282400000000000091e+02 0.000000000000000000e+00
6.284900000000000091e+02 0.000000000000000000e+00
6.287400000000000091e+02 0.000000000000000000e+00
6.289900000000000091e+02 0.000000000000000000e+00
6.292400000000000091e+02 0.000000000000000000e+00
6.294900000000000091e+02 0.000000000000000000e+00
6.297400000000000091e+02 0.000000000000000000e+00
6.299900000000000091e+02 0.000000000000000000e+00
6.302400000000000091e+02 0.000000000000000000e+00
6.304900000000000091e+02 0.000000000000000000e+00
6.307400000000000091e+02 0.000000000000000000e+00
6.309900000000000091e+02 0.000000000000000000e+00
6.312400000000000091e+02 0.000000000000000000e+00
6.314900000000000091e+02 0.000000000000000000e+00
6.317400000000000091e+02 0.000000000000000000e+00
6.319900000000000091e+02 0.000000000000000000e+00
6.322400000000000091e+02 0.000000000000000000e+00
6.324900000000000091e+02 0.000000000000000000e+00
6.327400000000000091e+02 0.000000000000000000e+00
6.329900000000000091e+02 0.000000000000000000e+00
6.332400000000000091e+02 0.000000000000000000e+00
6.334900000000000091e+02 0.000000000000000000e+00
6.337400000000000091e+02 0.000000000000000000e+00
6.339900000000000091e+02 0.000000000000000000e+00
6.342400000000000091e+02 0.000000000000000000e+00
6.344900000000000091e+02 0.000000000000000000e+00
6.347400000000000091e+02 0.000000000000000000e+00
6.349900000000000091e+02 0.000000000000000000e+00
6.352400000000000091e+02 0.000000000000000000e+00
6.354900000000000091e+02 0.000000000000000000e+00
6.357400000000000091e+02 0.000000000000000000e+00
6.359900000000000091e+02 0.000000000000000000e+00
6.362400000000000091e+02 0.000000000000000000e+00
6.364900000000000091e+02 0.000000000000000000e+00
6.367400000000000091e+02 0.000000000000000000e+00
6.369900000000000091e+02 0.000000000000000000e+00
6.372400000000000091e+02 0.000000000000000000e+00
6.374900000000000091e+02 0.000000000000000000e+00
6.377400000000000091e+02 0.000000000000000000e+00
6.379900000000000091e+02 0.000000000000000000e+00
6.382400000000000091e+02 0.000000000000000000e+00
6.384900000000000091e+02 0.000000000000000000e+00
6.387400000000000091e+02 0.000000000000000000e+00
6.389900000000000091e+02 0.000000000000000000e+00
6.392400000000000091e+02 0.000000000000000000e+00
6.394900000000000091e+02 0.000000000000000000e+00
6.397400000000000091e+02 0.000000000000000000e+00
6.399900000000000091e+02 0.000000000000000000e+00
6.402400000000000091e+02 0.000000000000000000e+00
6.404900000000000091e+02 0.000000000000000000e+00
6.407400000000000091e+02 0.000000000000000000e+00
6.409900000000000091e+02 0.000000000000000000e+00
6.412400000000000091e+02 0.000000000000000000e+00
6.414900000000000091e+02 0.000000000000000000e+00
6.417400000000000091e+02 0.000000000000000000e+00
6.419900000000000091e+02 0.000000000000000000e+00
6.422400000000000091e+02 0.000000000000000000e+00
6.424900000000000091e+02 0.000000000000000000e+00
6.427400000000000091e+02 0.000000000000000000e+00
6.429900000000000091e+02 0.000000000000000000e+00
6.432400000000000091e+02 0.000000000000000000e+00
6.434900000000000091e+02 0.000000000000000000e+00
6.437400000000000091e+02 0.000000000000000000e+00
6.439900000000000091e+02 0.000000000000000000e+00
6.442400000000000091e+02 0.000000000000000000e+00
6.444900000000000091e+02 0.000000000000000000e+00
6.447400000000000091e+02 0.000000000000000000e+00
6.449900000000000091e+02 0.000000000000000000e+00
6.452400000000000091e+02 0.000000000000000000e+00
6.454900000000000091e+02 0.000000000000000000e+00
6.457400000000000091e+02 0.000000000000000000e+00
6.459900000000000091e+02 0.000000000000000000e+00
6.462400000000000091e+02 0.000000000000000000e+00
6.464900000000000091e+02 0.000000000000000000e+00
6.467400000000000091e+02 0.000000000000000000e+00
6.469900000000000091e+02 0.000000000000000000e+00
6.472400000000000091e+02 0.000000000000000000e+00
6.474900000000000091e+02 0.000000000000000000e+00
6.477400000000000091e+02 0.000000000000000000e+00
6.479900000000000091e+02 0.000000000000000000e+00
6.482400000000000091e+02 0.000000000000000000e+00
6.484900000000000091e+02 0.000000000000000000e+00
6.487400000000000091e+02 0.000000000000000000e+00
6.489900000000000091e+02 0.000000000000000000e+00
6.492400000000000091e+02 0.000000000000000000e+00
6.494900000000000091e+02 0.000000000000000000e+00
6.497400000000000091e+02 0.000000000000000000e+00
6.499900000000000091e+02 0.000000000000000000e+00
6.502400000000000091e+02 0.000000000000000000e+00
6.504900000000000091e+02 0.000000000000000000e+00
6.507400000000000091e+02 0.000000000000000000e+00
6.509900000000000091e+02 0.000000000000000000e+00
6.512400000000000091e+02 0.000000000000000000e+00
6.514900000000000091e+02 0.000000000000000000e+00
6.517400000000000091e+02 0.000000000000000000e+00
6.519900000000000091e+02 0.000000000000000000e+00
6.522400000000000091e+02 0.000000000000000000e+00
6.524900000000000091e+02 0.000000000000000000e+00
6.527400000000000091e+02 0.000000000000000000e+00
6.529900000000000091e+02 0.000000000000000000e+00
6.532400000000000091e+02 0.000000000000000000e+00
6.534900000000000091e+02 0.000000000000000000e+00
6.537400000000000091e+02 0.000000000000000000e+00
6.539900000000000091e+02 0.000000000000000000e+00
6.542400000000000091e+02 0.000000000000000000e+00
6.544900000000000091e+02 0.000000000000000000e+00
6.547400000000000091e+02 0.000000000000000000e+00
6.549900000000000091e+02 0.000000000000000000e+00
6.552400000000000091e+02 0.000000000000000000e+00
6.554900000000000091e+02 0.000000000000000000e+00
6.557400000000000091e+02 0.000000000000000000e+00
6.559900000000000091e+02 0.000000000000000000e+00
6.562400000000000091e+02 0.000000000000000000e+00
6.564900000000000091e+02 0.000000000000000000e+00
6.567400000000000091e+02 0.000000000000000000e+00
6.569900000000000091e+02 0.000000000000000000e+00
6.572400000000000091e+02 0.000000000000000000e+00
6.574900000000000091e+02 0.000000000000000000e+00
6.577400000000000091e+02 0.000000000000000000e+00
6.579900000000000091e+02 0.000000000000000000e+00
6.582500000000000000e+02 0.000000000000000000e+00
6.585000000000000000e+02 0.000000000000000000e+00
6.587500000000000000e+02 0.000000000000000000e+00
6.590000000000000000e+02 0.000000000000000000e+00
6.592500000000000000e+02 0.000000000000000000e+00
6.595000000000000000e+02 0.000000000000000000e+00
6.597500000000000000e+02 0.000000000000000000e+00
6.600000000000000000e+02 0.000000000000000000e+00
6.602500000000000000e+02 0.000000000000000000e+00
6.605000000000000000e+02 0.000000000000000000e+00
6.607500000000000000e+02 0.000000000000000000e+00
6.610000000000000000e+02 0.000000000000000000e+00
6.612500000000000000e+02 0.000000000000000000e+00
6.615000000000000000e+02 0.000000000000000000e+00
6.617500000000000000e+02 0.000000000000000000e+00
6.620000000000000000e+02 0.000000000000000000e+00
6.622500000000000000e+02 0.000000000000000000e+00
6.625000000000000000e+02 0.000000000000000000e+00
6.627500000000000000e+02 0.000000000000000000e+00
6.630000000000000000e+02 0.000000000000000000e+00
6.632500000000000000e+02 0.000000000000000000e+00
6.635000000000000000e+02 0.000000000000000000e+00
6.637500000000000000e+02 0.000000000000000000e+00
6.640000000000000000e+02 0.000000000000000000e+00
6.642500000000000000e+02 0.000000000000000000e+00
6.645000000000000000e+02 0.000000000000000000e+00
6.647500000000000000e+02 0.000000000000000000e+00
6.650000000000000000e+02 0.000000000000000000e+00
6.652500000000000000e+02 0.000000000000000000e+00
6.655000000000000000e+02 0.000000000000000000e+00
6.657500000000000000e+02 0.000000000000000000e+00
6.660000000000000000e+02 0.000000000000000000e+00
6.662500000000000000e+02 0.000000000000000000e+00
6.665000000000000000e+02 0.000000000000000000e+00
6.667500000000000000e+02 0.000000000000000000e+00
6.670000000000000000e+02 0.000000000000000000e+00
6.672500000000000000e+02 0.000000000000000000e+00
6.675000000000000000e+02 0.000000000000000000e+00
6.677500000000000000e+02 0.000000000000000000e+00
6.680000000000000000e+02 0.000000000000000000e+00
6.682500000000000000e+02 0.000000000000000000e+00
6.685000000000000000e+02 0.000000000000000000e+00
6.687500000000000000e+02 0.000000000000000000e+00
6.690000000000000000e+02 0.000000000000000000e+00
6.692500000000000000e+02 0.000000000000000000e+00
6.695000000000000000e+02 0.000000000000000000e+00
6.697500000000000000e+02 0.000000000000000000e+00
6.700000000000000000e+02 0.000000000000000000e+00
6.702500000000000000e+02 0.000000000000000000e+00
6.705000000000000000e+02 0.000000000000000000e+00
6.707500000000000000e+02 0.000000000000000000e+00
6.710000000000000000e+02 0.000000000000000000e+00
6.712500000000000000e+02 0.000000000000000000e+00
6.715000000000000000e+02 0.000000000000000000e+00
6.717500000000000000e+02 0.000000000000000000e+00
6.720000000000000000e+02 0.000000000000000000e+00
6.722500000000000000e+02 0.000000000000000000e+00
6.725000000000000000e+02 0.000000000000000000e+00
6.727500000000000000e+02 0.000000000000000000e+00
6.730000000000000000e+02 0.000000000000000000e+00
6.732500000000000000e+02 0.000000000000000000e+00
6.735000000000000000e+02 0.000000000000000000e+00
6.737500000000000000e+02 0.000000000000000000e+00
6.740000000000000000e+02 0.000000000000000000e+00
6.742500000000000000e+02 0.000000000000000000e+00
6.745000000000000000e+02 0.000000000000000000e+00
6.747500000000000000e+02 0.000000000000000000e+00
6.750000000000000000e+02 0.000000000000000000e+00
6.752500000000000000e+02 0.000000000000000000e+00
6.755000000000000000e+02 0.000000000000000000e+00
6.757500000000000000e+02 0.000000000000000000e+00
6.760000000000000000e+02 0.000000000000000000e+00
6.762500000000000000e+02 0.000000000000000000e+00
6.765000000000000000e+02 0.000000000000000000e+00
6.767500000000000000e+02 0.000000000000000000e+00
6.770000000000000000e+02 0.000000000000000000e+00
6.772500000000000000e+02 0.000000000000000000e+00
6.775000000000000000e+02 0.000000000000000000e+00
6.777500000000000000e+02 0.000000000000000000e+00
6.780000000000000000e+02 0.000000000000000000e+00
6.782500000000000000e+02 0.000000000000000000e+00
6.785000000000000000e+02 0.000000000000000000e+00
6.787500000000000000e+02 0.000000000000000000e+00
6.790000000000000000e+02 0.000000000000000000e+00
6.792500000000000000e+02 0.000000000000000000e+00
6.795000000000000000e+02 0.000000000000000000e+00
6.797500000000000000e+02 0.000000000000000000e+00
6.800000000000000000e+02 0.000000000000000000e+00
6.802500000000000000e+02 0.000000000000000000e+00
6.805000000000000000e+02 0.000000000000000000e+00
6.807500000000000000e+02 0.000000000000000000e+00
6.810000000000000000e+02 0.000000000000000000e+00
6.812500000000000000e+02 0.000000000000000000e+00
6.815000000000000000e+02 0.000000000000000000e+00
6.817500000000000000e+02 0.000000000000000000e+00
6.820000000000000000e+02 0.000000000000000000e+00
6.822500000000000000e+02 0.000000000000000000e+00
6.825000000000000000e+02 0.000000000000000000e+00
6.827500000000000000e+02 0.000000000000000000e+00
6.830000000000000000e+02 0.000000000000000000e+00
6.832500000000000000e+02 0.000000000000000000e+00
6.835000000000000000e+02 0.000000000000000000e+00
6.837500000000000000e+02 0.000000000000000000e+00
6.840000000000000000e+02 0.000000000000000000e+00
6.842500000000000000e+02 0.000000000000000000e+00
6.845000000000000000e+02 0.000000000000000000e+00
6.847500000000000000e+02 0.000000000000000000e+00
6.850000000000000000e+02 0.000000000000000000e+00
6.852500000000000000e+02 0.000000000000000000e+00
6.855000000000000000e+02 0.000000000000000000e+00
6.857500000000000000e+02 0.000000000000000000e+00
6.860000000000000000e+02 0.000000000000000000e+00
6.862500000000000000e+02 0.000000000000000000e+00
6.865000000000000000e+02 0.000000000000000000e+00
6.867500000000000000e+02 0.000000000000000000e+00
6.870000000000000000e+02 0.000000000000000000e+00
6.872500000000000000e+02 0.000000000000000000e+00
6.875000000000000000e+02 0.000000000000000000e+00
6.877500000000000000e+02 0.000000000000000000e+00
6.880000000000000000e+02 0.000000000000000000e+00
6.882500000000000000e+02 0.000000000000000000e+00
6.885000000000000000e+02 0.000000000000000000e+00
6.887500000000000000e+02 0.000000000000000000e+00
6.890000000000000000e+02 0.000000000000000000e+00
6.892500000000000000e+02 0.000000000000000000e+00
6.895000000000000000e+02 0.000000000000000000e+00
6.897500000000000000e+02 0.000000000000000000e+00
6.900000000000000000e+02 0.000000000000000000e+00
6.902500000000000000e+02 0.000000000000000000e+00
6.905000000000000000e+02 0.000000000000000000e+00
6.907500000000000000e+02 0.000000000000000000e+00
6.910000000000000000e+02 0.000000000000000000e+00
6.912500000000000000e+02 0.000000000000000000e+00
6.915000000000000000e+02 0.000000000000000000e+00
6.917500000000000000e+02 0.000000000000000000e+00
6.920000000000000000e+02 0.000000000000000000e+00
6.922500000000000000e+02 0.000000000000000000e+00
6.925000000000000000e+02 0.000000000000000000e+00
6.927500000000000000e+02 0.000000000000000000e+00
6.930000000000000000e+02 0.000000000000000000e+00
6.932500000000000000e+02 0.000000000000000000e+00
6.935000000000000000e+02 0.000000000000000000e+00
6.937500000000000000e+02 0.000000000000000000e+00
6.940000000000000000e+02 0.000000000000000000e+00
6.942500000000000000e+02 0.000000000000000000e+00
6.945000000000000000e+02 0.000000000000000000e+00
6.947500000000000000e+02 0.000000000000000000e+00
6.950000000000000000e+02 0.000000000000000000e+00
6.952500000000000000e+02 0.000000000000000000e+00
6.955000000000000000e+02 0.000000000000000000e+00
6.957500000000000000e+02 0.000000000000000000e+00
6.960000000000000000e+02 0.000000000000000000e+00
6.962500000000000000e+02 0.000000000000000000e+00
6.965000000000000000e+02 0.000000000000000000e+00
6.967500000000000000e+02 0.000000000000000000e+00
6.970000000000000000e+02 0.000000000000000000e+00
6.972500000000000000e+02 0.000000000000000000e+00
6.975000000000000000e+02 0.000000000000000000e+00
6.977500000000000000e+02 0.000000000000000000e+00
6.980000000000000000e+02 0.000000000000000000e+00
6.982500000000000000e+02 0.000000000000000000e+00
6.985000000000000000e+02 0.000000000000000000e+00
6.987500000000000000e+02 0.000000000000000000e+00
6.990000000000000000e+02 0.000000000000000000e+00
6.992500000000000000e+02 0.000000000000000000e+00
6.995000000000000000e+02 0.000000000000000000e+00
6.997500000000000000e+02 0.000000000000000000e+00
7.000000000000000000e+02 0.000000000000000000e+00
