600	0.01713927276
599	0.0191224888
598	0.0213464275
597	0.02359444089
596	0.02602347732
595	0.02868936583
594	0.03121189587
593	0.03383685276
592	0.03670402244
591	0.03970045596
590	0.04267337918
589	0.04582314193
588	0.04895563796
587	0.05219968781
586	0.05564186722
585	0.05908387154
584	0.06261090189
583	0.06634835899
582	0.0702060014
581	0.07421517372
580	0.07841724902
579	0.08274517953
578	0.08749324083
577	0.09225457162
576	0.09722854942
575	0.1026105583
574	0.1082022712
573	0.1141698137
572	0.1203151122
571	0.1266114265
570	0.1332022101
569	0.139830783
568	0.1467677355
567	0.1537357867
566	0.1607640386
565	0.1677780896
564	0.1746529937
563	0.1813486964
562	0.1879305989
561	0.1940757334
560	0.2001968771
559	0.2057060599
558	0.2109349668
557	0.2159258723
556	0.2203747034
555	0.2244842649
554	0.2281576544
553	0.2315622717
552	0.2345165908
551	0.2371173948
550	0.2394372076
549	0.2415321767
548	0.2432318628
547	0.2447641343
546	0.2459957302
545	0.2470517457
544	0.2478183359
543	0.2483375371
542	0.2486763746
541	0.2486786246
540	0.2485229373
539	0.2480734885
538	0.2472333014
537	0.2461517453
536	0.2448210865
535	0.2430519313
534	0.2409241199
533	0.2384390533
532	0.2357006222
531	0.2326809019
530	0.2294681072
529	0.2261838466
528	0.2228564322
527	0.2198637277
526	0.2168469727
525	0.2143050581
524	0.2123252004
523	0.2107805014
522	0.2097049952
521	0.2092710286
520	0.2095859796
519	0.2105462104
518	0.2122594118
517	0.2146398127
516	0.2176126838
515	0.2212503552
514	0.2254975438
513	0.2301535904
512	0.2353727967
511	0.240934357
510	0.2469437718
509	0.2531403005
508	0.2595981956
507	0.266272217
506	0.2731368244
505	0.2800643444
504	0.2869723737
503	0.2938936353
502	0.3007992208
501	0.3076862097
500	0.3144300282
499	0.321120888
498	0.3276968598
497	0.334389627
496	0.3408245146
495	0.3472090662
494	0.3536325395
493	0.3600501418
492	0.3664061725
491	0.3727768064
490	0.3791739941
489	0.3858097494
488	0.3923206627
487	0.3989241123
486	0.4058048129
485	0.4125934541
484	0.4196400046
483	0.4267117381
482	0.4337216616
481	0.4410408735
480	0.4483754933
479	0.4557417035
478	0.4632383287
477	0.4707298577
476	0.47835958
475	0.4860376716
474	0.4935722649
473	0.5011602044
472	0.5087887645
471	0.5161904693
470	0.5234885216
469	0.5305282474
468	0.5374110341
467	0.5439121723
466	0.5500413179
465	0.5558288097
464	0.5612152219
463	0.566093266
462	0.5706073642
461	0.5745691657
460	0.5782257318
459	0.5814288855
458	0.584389329
457	0.5871020555
456	0.5896570683
455	0.5921378732
454	0.5946415067
453	0.5974187255
452	0.6004627943
451	0.6039105058
450	0.6077845097
449	0.6123561859
448	0.6175566316
447	0.6236968637
446	0.6304659247
445	0.6379142404
444	0.6461991072
443	0.6553556919
442	0.6648558974
441	0.6750838161
440	0.6857123375
439	0.6969704032
438	0.7083961964
437	0.7199418545
436	0.731910944
435	0.7436400056
434	0.7555152774
433	0.7674067616
432	0.7788374424
431	0.7906537652
430	0.8019883633
429	0.8131940961
428	0.82443434
427	0.8354121447
426	0.8464874029
425	0.8574141264
424	0.8681926727
423	0.879398942
422	0.8905065656
421	0.9016283154
420	0.9130423665
419	0.9245035648
418	0.9364129901
417	0.9484015107
416	0.9606041312
415	0.9730947614
414	0.9858859181
413	0.9986764789
412	1.011856556
411	1.025147676
410	1.038967371
409	1.052909851
408	1.067055106
407	1.081659317
406	1.096625805
405	1.112200141
404	1.128219366
403	1.14467454
402	1.162428737
401	1.180661798
400	1.199574828
399	1.21978426
398	1.241165638
397	1.263294816
396	1.287252307
395	1.311733723
394	1.33789289
393	1.365078807
392	1.393155336
391	1.422258973
390	1.452225685
389	1.483504057
388	1.514635921
387	1.546741366
386	1.579712868
385	1.612407684
384	1.645309687
383	1.678904533
382	1.712289333
381	1.746596694
380	1.780133247
379	1.813453197
378	1.847455263
377	1.880636215
376	1.915133119
375	1.948364854
374	1.981540322
373	2.015623808
372	2.048324585
371	2.081568241
370	2.114898205
369	2.148280144
368	2.180122614
367	2.21318984
366	2.245844603
365	2.279664993
364	2.312405348
363	2.344373226
362	2.377091169
361	2.410140514
360	2.445247173
359	2.478091717
358	2.510182858
357	2.542816162
356	2.575038195
355	2.609673738
354	2.640723705
353	2.673737526
352	2.705959082
351	2.736180067
350	2.767473221