700	-0.004509245977
699	-0.004455904476
698	-0.004485880956
697	-0.004487213213
696	-0.00452804938
695	-0.004506325349
694	-0.004579435103
693	-0.004507862497
692	-0.004533429164
691	-0.004511705134
690	-0.004583226051
689	-0.004590653814
688	-0.004595981445
687	-0.004622618668
686	-0.00460407557
685	-0.004655451979
684	-0.004601872526
683	-0.004670664202
682	-0.004668973852
681	-0.004664108157
680	-0.004697604105
679	-0.004732121713
678	-0.004758289549
677	-0.004702827893
676	-0.004684595391
675	-0.004741595592
674	-0.004783175886
673	-0.004745845683
672	-0.004729561042
671	-0.004741032142
670	-0.004756036215
669	-0.004781690892
668	-0.004840470385
667	-0.004766892176
666	-0.004706822801
665	-0.004787477199
664	-0.004783380777
663	-0.004833251238
662	-0.004789371509
661	-0.004834633786
660	-0.004831049591
659	-0.004829616286
658	-0.004887262825
657	-0.004886648618
656	-0.004861512221
655	-0.00485618785
654	-0.004843593109
653	-0.004829871934
652	-0.00479485048
651	-0.004851785023
650	-0.00486611994
649	-0.004819734488
648	-0.004807753488
647	-0.004865607712
646	-0.004885112867
645	-0.004866734147
644	-0.004891818855
643	-0.0048208097
642	-0.004815228749
641	-0.004837756976
640	-0.004805654287
639	-0.004778004251
638	-0.004767455626
637	-0.004772576038
636	-0.004709690809
635	-0.004713429138
634	-0.004686080385
633	-0.004630200099
632	-0.004523387179
631	-0.004527024925
630	-0.00449095387
629	-0.004364886787
628	-0.004321677145
627	-0.004198945127
626	-0.004161975347
625	-0.004010370467
624	-0.003904174548
623	-0.003773010103
622	-0.003595546354
621	-0.003452372504
620	-0.003251500661
619	-0.003035369795
618	-0.002849735087
617	-0.002592183417
616	-0.00231120293
615	-0.00198242371
614	-0.001694705104
613	-0.001337020891
612	-0.0009296566132
611	-0.0005250123795
610	-7.75E-05
609	0.0004322518362
608	0.000980864861
607	0.001513442607
606	0.002137140371
605	0.002841432812
604	0.00349715515
603	0.004200600088
602	0.004972133785
601	0.005862596445
600	0.006632386241
599	0.00758468546
598	0.008465216495
597	0.009367665276
596	0.01043619867
595	0.0114706615
594	0.01245079562
593	0.01355814375
592	0.01464095991
591	0.01577538811
590	0.01688051969
589	0.01809262671
588	0.01923484728
587	0.0203685239
586	0.02170739137
585	0.02299542539
584	0.02442243695
583	0.02576934732
582	0.02719360963
581	0.0287243221
580	0.03033125401
579	0.031952288
578	0.0337276198
577	0.0355733633
576	0.03750196099
575	0.03948040679
574	0.04146469012
573	0.04369237646
572	0.04586054012
571	0.04799705371
570	0.05033653975
569	0.05241506174
568	0.05471889302
567	0.05693354085
566	0.05914218351
565	0.06127733365
564	0.06322877854
563	0.06515134871
562	0.06696789712
561	0.06869324297
560	0.07039752603
559	0.07184246927
558	0.07321310043
557	0.07450532913
556	0.07569268346
555	0.07673318684
554	0.07776212692
553	0.07859341055
552	0.07943918556
551	0.08022888005
550	0.08082309365
549	0.08144272119
548	0.08196468651
547	0.08246774971
546	0.08284074068
545	0.08315571398
544	0.08340221643
543	0.08356931061
542	0.08373379707
541	0.08382669091
540	0.08385717869
539	0.08375617862
538	0.08369392902
537	0.08344519138
536	0.08320173621
535	0.08285321295
534	0.08244371414
533	0.08197015524
532	0.0814723596
531	0.08088003099
530	0.08030097187
529	0.07978000492
528	0.07929968834
527	0.0787986964
526	0.07844918966
525	0.0783143416
524	0.07822466642
523	0.07822162658
522	0.07846888155
521	0.07896485925
520	0.07956695557
519	0.08040883392
518	0.08140834421
517	0.08267086744
516	0.08406653255
515	0.08561123163
514	0.08737426996
513	0.08919722587
512	0.09121480584
511	0.09327155352
510	0.0954997316
509	0.09778823704
508	0.100158222
507	0.1024571806
506	0.1048584655
505	0.1072257757
504	0.1095899716
503	0.1119511276
502	0.1142946407
501	0.1167211458
500	0.1189506426
499	0.1212431788
498	0.1234953925
497	0.12582995
496	0.1280083209
495	0.1301756501
494	0.132397458
493	0.1345734894
492	0.1367973536
491	0.139053002
490	0.1413074732
489	0.1436147988
488	0.1458704621
487	0.1482508034
486	0.1506545097
485	0.1530828923
484	0.1554508358
483	0.1580062211
482	0.1604943126
481	0.1630685925
480	0.1656894237
479	0.1682742685
478	0.1709616482
477	0.1736381799
476	0.1763572246
475	0.1790467203
474	0.1816684604
473	0.184385851
472	0.1870350093
471	0.1896026433
470	0.1922332495
469	0.1946544051
468	0.1970450729
467	0.199369207
466	0.2016579956
465	0.2037537992
464	0.2057700455
463	0.2076899856
462	0.2093833685
461	0.211032033
460	0.2126453817
459	0.2142087817
458	0.2155510038
457	0.2170434892
456	0.2184327394
455	0.2199231684
454	0.2213989347
453	0.2229751945
452	0.2247163355
451	0.2266139388
450	0.2286917269
449	0.2309492379
448	0.233425796
447	0.2361961156
446	0.239147976
445	0.2422999889
444	0.2457775921
443	0.2493364364
442	0.253130734
441	0.2572133243
440	0.2611292899
439	0.2653824687
438	0.2695992291
437	0.2739049494
436	0.2782635391
435	0.2826342583
434	0.2869625688
433	0.2914298177
432	0.2956700325
431	0.3001147509
430	0.3043751121
429	0.3086096048
428	0.3129628897
427	0.3172847927
426	0.3215258121
425	0.3259471655
424	0.3304048777
423	0.3348702788
422	0.3394389451
421	0.3440844715
420	0.3486898839
419	0.3534508944
418	0.3584369421
417	0.3633801937
416	0.368465066
415	0.3736468256
414	0.3789032996
413	0.3842407763
412	0.3898415565
411	0.3952917755
410	0.4011803269
409	0.4070464671
408	0.4129510224
407	0.4193169177
406	0.4257503748
405	0.4324285984
404	0.439504534
403	0.4465978742
402	0.4544190168
401	0.4623937607
400	0.47081846
399	0.4798064232
398	0.4891242683
397	0.4991230369
396	0.5093500614
395	0.5201198459
394	0.5315799713
393	0.5431733727
392	0.5552859306
391	0.5679209232
390	0.5809258819
389	0.5943048596
388	0.6077985764
387	0.6213424802
386	0.635589242
385	0.6497989893
384	0.6641347408
383	0.6786976457
382	0.6933836341
381	0.7081415057
380	0.7229648232
379	0.7377086878
378	0.7528039813
377	0.7674648762
376	0.7822886109
375	0.7971054912
374	0.8117201924
373	0.8265018463
372	0.8411457539
371	0.8557497859
370	0.8707534671
369	0.8854581714
368	0.8999733329
367	0.9148594141
366	0.9299251437
365	0.9452490211
364	0.9606560469
363	0.9762712717
362	0.9923200607
361	1.008943558
360	1.025596142
359	1.042710185
358	1.060344696
357	1.078258276
356	1.096524835
355	1.115468979
354	1.134866357
353	1.154369831
352	1.17479527
351	1.195273995
350	1.216134667