344.8202274	0
345.3512013	0
345.8821736	0
346.4131443	0
346.9441135	0
347.4750811	0
348.0060472	0
348.5370117	0
349.0679746	0
349.598936	0
350.1298958	0
350.660854	0
351.1918106	0
351.7227657	0
352.2537192	0
352.7846711	0
353.3156215	0
353.8465702	0
354.3775174	0
354.908463	0
355.4394071	0
355.9703495	0
356.5012904	0
357.0322297	0
357.5631673	0
358.0941035	0
358.625038	0
359.1559709	0
359.6869022	0
360.217832	0
360.7487601	0
361.2796867	0
361.8106117	0
362.341535	0
362.8724568	0
363.403377	0
363.9342955	0
364.4652125	0
364.9961279	0
365.5270417	0
366.0579538	0
366.5888644	0
367.1197733	0
367.6506807	0
368.1815864	0
368.7124905	0
369.2433931	0
369.774294	0
370.3051933	0
370.8360909	0
371.366987	0
371.8978814	0
372.4287743	0
372.9596655	0
373.4905551	0
374.021443	0
374.5523294	0
375.0832141	0
375.6140972	0
376.1449787	0
376.6758585	0
377.2067367	0
377.7376133	0
378.2684883	0
378.7993616	0
379.3302333	0
379.8611034	0
380.3919718	0
380.9228386	0
381.4537038	0
381.9845673	0
382.5154292	0
383.0462894	0
383.577148	0
384.1080049	0
384.6388602	0
385.1697139	0
385.7005659	0
386.2314163	0
386.762265	0
387.2931121	0
387.8239575	0
388.3548013	0
388.8856434	0
389.4164839	0
389.9473227	0
390.4781598	0
391.0089953	0
391.5398292	0
392.0706613	0
392.6014919	0
393.1323207	0
393.6631479	0
394.1939734	0
394.7247973	0
395.2556195	0
395.78644	0
396.3172589	0
396.8480761	0
397.3788916	0
397.9097054	0
398.4405176	0
398.9713281	0
399.5021369	0
400.0329441	0.0001481968351
400.5637495	0.00008279985132
401.0945533	0.0001014633156
401.6253554	0.0002092361072
402.1561559	0.00007195864278
402.6869546	0.0001725303754
403.2177517	0.00006695453252
403.748547	0.00008704743695
404.2793407	0.0001184566961
404.8101327	0.000149661914
405.3409231	0.0001783412835
405.8717117	0.0002550070682
406.4024986	0.0002195010677
406.9332839	0.000133793492
407.4640674	0.0001814956132
407.9948493	0.000005990538561
408.5256294	0.00009424775281
409.0564079	0.0002619711094
409.5871847	0.0001411206181
410.1179598	0.00028531408
410.6487331	0.0003283430077
411.1795048	0.0003378432198
411.7102748	0.0004208330986
412.241043	0.0002898880009
412.7718096	0.0004925434374
413.3025745	0.0004923356804
413.8333376	0.0004101717991
414.3640991	0.0002201016031
414.8948588	0.0006185796549
415.4256168	0.0003991364064
415.9563731	0.0004428553094
416.4871277	0.0006316390126
417.0178806	0.0004952555484
417.5486318	0.0005078024061
418.0793813	0.0001585130488
418.610129	0.0006358844423
419.140875	0.0007229519444
419.6716193	0.0005056963184
420.2023619	0.0008027933571
420.7331028	0.0006926068765
421.2638419	0.000622748907
421.7945794	0.0008548581796
422.3253151	0.0006995419102
422.856049	0.0005217022651
423.3867813	0.0009549167017
423.9175118	0.0006804612577
424.4482406	0.0005987798888
424.9789676	0.0002653838777
425.509693	0.0002996826009
426.0404166	0.0008604584071
426.5711384	0.0004540599784
427.1018586	0.0004437211597
427.6325769	0.0007336716837
428.1632936	0.0007270441043
428.6940085	0.0006314199531
429.2247217	0.0008987921896
429.7554331	0.001030347916
430.2861428	0.0007251432583
430.8168508	0.0006191394229
431.347557	0.0006483888012
431.8782614	0.0003332379067
432.4089642	0.0009470723064
432.9396651	0.000475381336
433.4703644	0.0009038943883
434.0010618	0.0007248081684
434.5317576	0.0007839584851
435.0624515	0.0002073320926
435.5931437	0.0003057429318
436.1238342	0.0009236946117
436.6545229	0.0008921095349
437.1852099	0.001070018138
437.7158951	0.0004022483516
438.2465785	0.0005966690645
438.7772602	0.0002897964049
439.3079401	0.0006258248868
439.8386182	0.0001118034737
440.3692946	0.0006871943489
440.8999693	0.0005178486991
441.4306421	0.0005327178948
441.9613132	0.000391224882
442.4919825	0.0001166640079
443.0226501	0.000990783337
443.5533159	0.0006205999286
444.0839799	0.0003039284225
444.6146422	0.0001689661993
445.1453026	0.0009792180005
445.6759613	0.0002666379984
446.2066182	0.0004079942051
446.7372734	0.0001976486558
447.2679268	0.0005351732822
447.7985783	0.0003805996787
448.3292282	0.0005350532339
448.8598762	0.0004861082946
449.3905224	0.0006294228071
449.9211669	0.0002979572376
450.4518096	0.000917389513
450.9824505	0.0002999111336
451.5130896	0.0003492472179
452.0437269	0.0002883549763
452.5743624	0.0005487037191
453.1049961	0.00003298810629
453.6356281	0.00034654948
454.1662582	0.0004960135676
454.6968866	0.0001271164152
455.2275132	0.0003521147547
455.7581379	0.0003789039111
456.2887609	0.0005702342057
456.8193821	0.0003519920605
457.3500015	0.0003497147366
457.880619	0.0004142030365
458.4112348	0.0003874891104
458.9418488	0.0005402936759
459.4724609	0.0004562300266
460.0030713	0.0003879074991
460.5336798	0.0005145329494
461.0642866	0.0004760680775
461.5948915	0.0006236574193
462.1254947	0.0004752905567
462.656096	0.0004931950301
463.1866955	0.0003214281944
463.7172932	0.0003602738888
464.247889	0.0006860209791
464.7784831	0.0002388672064
465.3090754	0.0003995876899
465.8396658	0.0004038381501
466.3702544	0.0002864851632
466.9008412	0.0000004286066345
467.4314262	0.0004078100004
467.9620093	0.0004245758608
468.4925906	0.0005081586964
469.0231701	0.0005817685746
469.5537478	0.0005330751323
470.0843237	0.0005863208705
470.6148977	0.0002961889184
471.1454699	0.0004459546456
471.6760402	0.00008742331872
472.2066088	0.0003676600753
472.7371755	0.0002956598893
473.2677403	0.0003619605099
473.7983033	0.0004306979961
474.3288645	0.0004666333284
474.8594239	0.0005110013088
475.3899814	0.0006786709541
475.9205371	0.0002025356985
476.4510909	0.000431127524
476.9816429	0.0003049015485
477.5121931	0.0002748593942
478.0427414	0.0004572062886
478.5732879	0.0004827329617
479.1038325	0.0003149564327
479.6343753	0.0003469777992
480.1649162	0.0004870577702
480.6954553	0.0003506679689
481.2259925	0.0003149474168
481.7565279	0.0004405347681
482.2870614	0.0004634064308
482.8175931	0.0003762119551
483.3481229	0.0004310171449
483.8786508	0.0004665189641
484.4091769	0.0001578110849
484.9397012	0.0002119153234
485.4702236	0.0004422959335
486.0007441	0.0004622689611
486.5312627	0.0003753384937
487.0617795	0.0005515726605
487.5922945	0.0003874327285
488.1228075	0.0004740938632
488.6533187	0.0007040806823
489.1838281	0.0005340613248
489.7143355	0.0008165716324
490.2448411	0.0006864900657
490.7753449	0.0007208918834
491.3058467	0.0007451480375
491.8363467	0.0008796366008
492.3668448	0.0009085678104
492.897341	0.001125055846
493.4278354	0.001155563069
493.9583279	0.001193745411
494.4888185	0.00146558475
495.0193072	0.001491836221
495.549794	0.001547674512
496.080279	0.001407326678
496.610762	0.001701673288
497.1412432	0.00165727875
497.6717225	0.001987617368
498.2021999	0.002024751909
498.7326755	0.001900572275
499.2631491	0.002193006214
499.7936208	0.0022724768
500.3240907	0.002473242203
500.8545587	0.002492996629
501.3850247	0.002701301129
501.9154889	0.002823647274
502.4459512	0.003048156299
502.9764116	0.003460113371
503.50687	0.003131513901
504.0373266	0.003453193102
504.5677813	0.003532027612
505.0982341	0.004162519453
505.628685	0.004035055429
506.159134	0.004538603292
506.689581	0.004830592578
507.2200262	0.005110379342
507.7504694	0.00496902565
508.2809108	0.00572336968
508.8113502	0.005978587282
509.3417878	0.006401646418
509.8722234	0.006719474406
510.4026571	0.007062349265
510.9330889	0.00757910969
511.4635188	0.007970161702
511.9939467	0.008573081966
512.5243728	0.008971538491
513.0547969	0.009616886657
513.5852191	0.01054934195
514.1156394	0.01107537226
514.6460577	0.01203564138
515.1764742	0.01267846301
515.7068887	0.01333031201
516.2373013	0.01452733842
516.7677119	0.01583009668
517.2981207	0.01696415938
517.8285275	0.01856650064
518.3589324	0.02000967965
518.8893353	0.0210032547
519.4197363	0.02257099384
519.9501354	0.02478656273
520.4805325	0.02653491405
521.0109278	0.02879787976
521.541321	0.03096253537
522.0717124	0.03420560826
522.6021018	0.03682339891
523.1324892	0.0396500107
523.6628747	0.04180042699
524.1932583	0.0458825957
524.7236399	0.05064585619
525.2540196	0.05390719079
525.7843974	0.05885582384
526.3147732	0.06310845888
526.845147	0.06785684658
527.3755189	0.07335386617
527.9058888	0.07896834609
528.4362568	0.08499412949
528.9666229	0.09162308665
529.496987	0.0985201805
530.0273491	0.1054601157
530.5577093	0.1127596822
531.0880675	0.1218516852
531.6184238	0.1291348946
532.1487781	0.1393472531
532.6791304	0.1489628101
533.2094808	0.1600351394
533.7398292	0.171828638
534.2701757	0.1815982833
534.8005202	0.194277476
535.3308627	0.2088420215
535.8612032	0.2227259226
536.3915418	0.2368482231
536.9218784	0.2514276874
537.4522131	0.2686505359
537.9825458	0.2845441074
538.5128765	0.3044478378
539.0432052	0.3232200153
539.573532	0.3405762464
540.1038567	0.3600226458
540.6341795	0.3786609222
541.1645004	0.4013804557
541.6948192	0.422344858
542.2251361	0.4452251867
542.7554509	0.4669950025
543.2857638	0.4879894431
543.8160747	0.510556979
544.3463837	0.5343463165
544.8766906	0.554978826
545.4069956	0.5785004951
545.9372985	0.6012464877
546.4675995	0.6236290776
546.9978985	0.6468206936
547.5281955	0.6668509326
548.0584905	0.688952474
548.5887835	0.7107047954
549.1190745	0.7351766839
549.6493635	0.7514777623
550.1796505	0.770862881
550.7099355	0.7884793545
551.2402185	0.8089154781
551.7704995	0.821367176
552.3007786	0.8444487409
552.8310556	0.8611324895
553.3613306	0.87336355
553.8916036	0.8874928417
554.4218745	0.9008238781
554.9521435	0.9157729669
555.4824105	0.9279501057
556.0126755	0.9369541599
556.5429384	0.9497107228
557.0731993	0.9569334207
557.6034583	0.9655605582
558.1337152	0.9755833712
558.6639701	0.9836333592
559.194223	0.9861371725
559.7244738	0.991662608
560.2547226	0.9915702186
560.7849695	0.9961752388
561.3152143	0.9978070727
561.845457	1
562.3756978	0.9966251438
562.9059365	0.9957086087
563.4361732	0.9943259788
563.9664079	0.9876821028
564.4966405	0.9870219968
565.0268711	0.9772647783
565.5570997	0.9739304638
566.0873263	0.9660850571
566.6175508	0.9591215312
567.1477733	0.9492554658
567.6779937	0.940012109
568.2082121	0.9299326982
568.7384285	0.9180388825
569.2686428	0.9067885145
569.7988551	0.8932362386
570.3290654	0.8829796757
570.8592736	0.8687999411
571.3894798	0.8554977388
571.9196839	0.842195804
572.449886	0.8326065054
572.980086	0.8183374589
573.510284	0.8034977521
574.04048	0.7890938345
574.5706738	0.7742242233
575.1008657	0.7608165859
575.6310555	0.7461016484
576.1612432	0.7329280955
576.6914289	0.7160182237
577.2216125	0.7030193476
577.7517941	0.6893340737
578.2819736	0.6713834997
578.812151	0.6610542161
579.3423264	0.6474480853
579.8724997	0.6320070781
580.402671	0.6216523054
580.9328402	0.6033579973
581.4630073	0.5949132302
581.9931724	0.5807871498
582.5233354	0.568814124
583.0534963	0.5549014558
583.5836552	0.5452372956
584.113812	0.5308129064
584.6439667	0.5175447563
585.1741194	0.5084410541
585.70427	0.4962638484
586.2344185	0.4846567007
586.7645649	0.4744553641
587.2947092	0.4632625973
587.8248515	0.4502688391
588.3549917	0.4408112005
588.8851298	0.4305656426
589.4152659	0.4197700969
589.9453998	0.4098014062
590.4755317	0.3986597179
591.0056614	0.3876681206
591.5357891	0.379486272
592.0659147	0.3693646137
592.5960383	0.3601819356
593.1261597	0.3502299366
593.656279	0.3385047098
594.1863963	0.330914227
594.7165114	0.3204706776
595.2466245	0.3128800276
595.7767354	0.302882068
596.3068443	0.2944278346
596.8369511	0.2856498368
597.3670558	0.275826621
597.8971583	0.2691362827
598.4272588	0.260942091
598.9573572	0.2533241791
599.4874534	0.2442662702
600.0175476	0.2365852712
600.5476396	0.2286761253
601.0777296	0.222160698
601.6078174	0.2145566011
602.1379032	0.2071149215
602.6679868	0.2006524961
603.1980683	0.1940975307
603.7281477	0.1872907189
604.258225	0.1813327558
604.7883002	0.1743080327
605.3183732	0.1674834422
605.8484442	0.1621889634
606.378513	0.1570806852
606.9085797	0.1509254161
607.4386443	0.1452756463
607.9687067	0.1396188268
608.4987671	0.1358284775
609.0288253	0.1299457438
609.5588814	0.1248407353
610.0889353	0.1202115223
610.6189872	0.1151878562
611.1490369	0.1104299269
611.6790845	0.1065101337
612.2091299	0.1025270445
612.7391732	0.09839163143
613.2692144	0.09501526165
613.7992535	0.09121772893
614.3292904	0.08743847675
614.8593252	0.08399978926
615.3893578	0.0800356579
615.9193883	0.07707904613
616.4494167	0.07393536421
616.9794429	0.07135213178
617.509467	0.06876508603
618.039489	0.0656626231
618.5695088	0.06306480639
619.0995264	0.06093049219
619.6295419	0.0573197035
620.1595553	0.05591694486
620.6895665	0.05285004783
621.2195756	0.05095338466
621.7495825	0.04895788872
622.2795872	0.04646822901
622.8095899	0.04496884951
623.3395903	0.04273136239
623.8695886	0.04178113042
624.3995848	0.03920674975
624.9295787	0.03801803049
625.4595706	0.03607454541
625.9895602	0.03487240427
626.5195477	0.03313305104
627.0495331	0.03174509202
627.5795163	0.030821039
628.1094973	0.029189456
628.6394761	0.02822825654
629.1694528	0.02703300613
629.6994273	0.0259608775
630.2293997	0.0250553517
630.7593699	0.02372519042
631.2893379	0.02282097544
631.8193037	0.0217674033
632.3492674	0.02126128735
632.8792289	0.02006264175
633.4091882	0.01930887525
633.9391453	0.01865397915
634.4691003	0.01780841699
634.9990531	0.01706798876
635.5290037	0.01656096443
636.0589521	0.01604771
636.5888983	0.01539894887
637.1188424	0.01487408723
637.6487842	0.01443933516
638.1787239	0.01395635211
638.7086614	0.01318905083
639.2385967	0.01270265168
639.7685299	0.01244595913
640.2984608	0.0119332096
640.8283895	0.01160257646
641.3583161	0.01140550991
641.8882404	0.01069297078
642.4181626	0.0104822691
642.9480825	0.01022793584
643.4780003	0.01003389758
644.0079159	0.009626253755
644.5378292	0.009307523658
645.0677404	0.009076598208
645.5976494	0.008892488384
646.1275561	0.008265522663
646.6574607	0.008411091078
647.187363	0.008046590151
647.7172632	0.007804078916
648.2471611	0.007611503582
648.7770569	0.007312405608
649.3069504	0.007131450032
649.8368417	0.007211912887
650.3667308	0.007124826895
650.8966177	0.007014802962
651.4265024	0.006669332054
651.9563848	0.006435274831
652.4862651	0.006406293903
653.0161431	0.006203965227
653.5460189	0.006375631581
654.0758925	0.005974757235
654.6057639	0.006156520319
655.135633	0.005940335949
655.6654999	0.005830852967
656.1953646	0.005582213554
656.7252271	0.005545387512
657.2550874	0.005521112608
657.7849454	0.005292382849
658.3148012	0.005225147975
658.8446547	0.005281379829
659.3745061	0.00512296811
659.9043552	0.005265779498
660.434202	0.004966212176
660.9640466	0.005276935658
661.493889	0.004970337002
662.0237292	0.004926233455
662.5535671	0.004832541574
663.0834028	0.004745583112
663.6132363	0.004771680006
664.1430675	0.004607158925
664.6728964	0.004647380161
665.2027231	0.004629278906
665.7325476	0.004530604516
666.2623698	0.004520683923
666.7921898	0.004451618696
667.3220075	0.004422986905
667.851823	0.00433167234
668.3816363	0.004333167145
668.9114472	0.004431226627
669.441256	0.004223859516
669.9710624	0.004397457619
670.5008667	0.004422586026
671.0306686	0.004315129916
671.5604683	0.004212416939
672.0902658	0.004365082543
672.620061	0.004266886124
673.1498539	0.004393254394
673.6796446	0.004162697157
674.209433	0.00426089044
674.7392191	0.004211315696
675.269003	0.003892227316
675.7987846	0.004061120964
676.328564	0.004144597994
676.8583411	0.0042613347
677.3881159	0.004046784162
677.9178884	0.004050985557
678.4476587	0.004094556515
678.9774267	0.004133791493
679.5071924	0.004009746966
680.0369558	0.004038991575
680.566717	0.004005853417
681.0964759	0.004056354835
681.6262325	0.004023586197
682.1559869	0.003872619497
682.6857389	0.003858561272
683.2154887	0.003728232291
683.7452362	0.003714253511
684.2749814	0.003867242379
684.8047243	0.003938891632
685.3344649	0.004111808449
685.8642033	0.00397021146
686.3939393	0.003783404715
686.9236731	0.003730565965
687.4534046	0.003714048629
687.9831338	0.003763870851
688.5128607	0.003842741163
689.0425853	0.003856870731
689.5723076	0.003604563557
690.1020276	0.003724486655
690.6317453	0.003804612133
691.1614607	0.003882967364
691.6911738	0.003779722058
692.2208846	0.003889486753
692.7505932	0.003726522935
693.2802994	0.003689353506
693.8100033	0.003635714826
694.3397049	0.003717487987
694.8694042	0.003765187168
695.3991011	0.003712198677
695.9287958	0.003711914873
696.4584882	0.003629706859
696.9881782	0.003592526455
697.517866	0.003713925542
698.0475514	0.003621559648
698.5772345	0.003697542268
699.1069153	0.003583659804
699.6365938	0.003635140947
700.16627	0.003466105397
700.6959438	0.003574363527
701.2256153	0.0035983217
701.7552845	0.003608746137
702.2849514	0.003595138967
702.814616	0.003478053647
703.3442782	0.003529541061
703.8739381	0.00353461974
704.4035957	0.003369781144
704.933251	0.003614190938
705.4629039	0.003516453676
705.9925545	0.003518023744
706.5222027	0.00358785937
707.0518487	0.003381568937
707.5814923	0.003615636875
708.1111335	0.003451830791
708.6407725	0.003443313538
709.170409	0.00334118228
709.7000433	0.003574680781
710.2296752	0.003360002975
710.7593048	0.003631552891
711.288932	0.00337952351
711.8185569	0.003543507037
712.3481794	0.003210897464
712.8777996	0.003469748854
713.4074175	0.003486675955
713.937033	0.003186453218
714.4666462	0.00329815933
714.996257	0.003350373241
715.5258654	0.00331676861
716.0554715	0.003348950563
716.5850753	0.003402995349
717.1146767	0.003199131361
717.6442757	0.003342978137
718.1738724	0.003299710321
718.7034667	0.003143934112
719.2330587	0.003407286642
719.7626483	0.003132318274
720.2922356	0.003289276999
720.8218205	0.003263948414
721.351403	0.003347941308
721.8809832	0.003324859112
722.410561	0.003083551038
722.9401364	0.003210676902
723.4697095	0.00328423961
723.9992802	0.003170414377
724.5288485	0.003059611158
725.0584145	0.003130079463
725.587978	0.003147252214
726.1175392	0.00312624027
726.6470981	0.003109743318
727.1766545	0.003155356044
727.7062086	0.003156051703
728.2357603	0.003064284515
728.7653097	0.002982837232
729.2948566	0.003129837994
729.8244012	0.003070552766
730.3539434	0.002984460873
730.8834832	0.003239806265
731.4130206	0.002868995796
731.9425556	0.003052957969
732.4720883	0.002949901343
733.0016185	0.003107524107
733.5311464	0.002973185286
734.0606719	0.002987139501
734.590195	0.003037515742
735.1197157	0.003010274747
735.649234	0.00275331852
736.1787499	0.002880138628
736.7082634	0.003018625011
737.2377745	0.002929528089
737.7672832	0.003057851626
738.2967896	0.002988840495
738.8262935	0.002610859666
739.355795	0.002953114913
739.8852941	0.002756966419
740.4147908	0.002755985388
740.9442851	0.002777695081
741.473777	0.002892967036
742.0032665	0.002881409212
742.5327536	0.002726336764
743.0622383	0.002652353837
743.5917206	0.002488903423
744.1212004	0.002866053486
744.6506779	0.002685309326
745.1801529	0.002750337533
745.7096255	0.002602172809
746.2390957	0.002718492172
746.7685635	0.002672093628
747.2980289	0.002747245743
747.8274918	0.002544391533
748.3569524	0.002564569835
748.8864105	0.002546965368
749.4158661	0.002555314586
749.9453194	0.002776710392
750.4747702	0.002626382904
751.0042186	0.002473906242
751.5336646	0.002771512285
752.0631082	0.002563482181
752.5925493	0.002698405074
753.121988	0.002446641727
753.6514242	0.002369404202
754.1808581	0.002490038639
754.7102895	0.002608929224
755.2397184	0.0026694542
755.7691449	0.002729230466
756.298569	0.002395104921
756.8279907	0.002402037994
757.3574099	0.002572094297
757.8868267	0.002465047169
758.416241	0.002457501016
758.9456529	0.00234595327
759.4750623	0.002448399691
760.0044693	0.002590914992
760.5338738	0.002373890708
761.0632759	0.002715589323
761.5926756	0.00243297027
762.1220728	0.002532984497
762.6514675	0.002507332124
763.1808598	0.002331433537
763.7102497	0.002477897006
764.2396371	0.002405839817
764.769022	0.002455530068
765.2984045	0.00230371065
765.8277845	0.002478915407
766.3571621	0.002390072758
766.8865372	0.002089741178
767.4159098	0.002420547707
767.94528	0.002226403089
768.4746477	0.001959143682
769.004013	0.002278444
769.5333758	0.002304117018
770.0627361	0.002200238772
770.5920939	0.002189773959
771.1214493	0.002016410008
771.6508022	0.002241054793
772.1801527	0.002146227697
772.7095007	0.002032977519
773.2388462	0.002117895128
773.7681892	0.001954809269
774.2975297	0.001901943863
774.8268678	0.002176470454
775.3562034	0.002172977001
775.8855365	0.002214504231
776.4148672	0.002005496754
776.9441953	0.002144046379
777.473521	0.002092489189
778.0028442	0.002088390888
778.5321649	0.002001194355
779.0614831	0.002095676104
779.5907988	0.002027525792
780.1201121	0.002112917845
780.6494228	0.002168119537
781.1787311	0.001687909713
781.7080369	0.002062190769
782.2373401	0.002026279119
782.7666409	0.001913108778
783.2959392	0.001854627791
783.825235	0.001972588435
784.3545283	0.001812106072
784.8838191	0.001892895066
785.4131074	0.00181453108
785.9423932	0.001851830912
786.4716765	0.001903516022
787.0009573	0.00198947111
787.5302356	0.001815241896
788.0595114	0.001938078688
788.5887847	0.001843413225
789.1180555	0.001807811382
789.6473237	0.001933852728
790.1765895	0.001649927026
790.7058527	0.001793935826
791.2351135	0.001824619839
791.7643717	0.001693709139
792.2936274	0.001903375819
792.8228806	0.001630939081
793.3521313	0.00190306549
793.8813794	0.001615300857
794.4106251	0.00149682252
794.9398682	0.001787771976
795.4691088	0.001875372525
795.9983469	0.001702665295
796.5275825	0.001637942452
797.0568155	0.001560729884
797.586046	0.00151657002
798.115274	0.001638859327
798.6444994	0.001719800806
799.1737224	0.00180802724
799.7029428	0.001548203443
800.2321606	0.001406265549
800.761376	0.001767171235
801.2905888	0.001562803926
801.8197991	0.001605802834
802.3490068	0.001736102415
802.878212	0.001814353767
803.4074146	0.001634245161
803.9366148	0.001519085056
804.4658124	0.001764171171
804.9950074	0.00151402271
805.5241999	0.001493958478
806.0533899	0.001603487192
806.5825773	0.001514334084
807.1117621	0.001411969067
807.6409445	0.001398027265
808.1701242	0.001565221878
808.6993015	0.001527947265
809.2284761	0.001661124999
809.7576482	0.001332953717
810.2868178	0.001500115664
810.8159848	0.001415506032
811.3451493	0.001546217077
811.8743112	0.001344778227
812.4034706	0.001553325894
812.9326274	0.00162933504
813.4617816	0.001264186537
813.9909333	0.001431559508
814.5200824	0.001543050546
815.0492289	0.001289197346
815.5783729	0.001392811649
816.1075144	0.001326988739
816.6366532	0.001375508887
817.1657895	0.001523263716
817.6949232	0.00142920911
818.2240544	0.001242037157
818.753183	0.001245684142
819.282309	0.001398743177
819.8114324	0.001427806162
820.3405533	0.001405757132
820.8696716	0.001420542376
821.3987873	0.00142675418
821.9279005	0.001492299297
822.457011	0.001192644691
822.986119	0.001225549743
823.5152244	0.001242696622
824.0443272	0.001514929916
824.5734275	0.001153886378
825.1025252	0.001234163558
825.6316202	0.0008505443469
826.1607127	0.0009787323848
826.6898026	0.001218304119
827.2188899	0.00130370349
827.7479747	0.001005691536
828.2770568	0.001065439448
828.8061363	0.001080444666
829.3352133	0.001319069799
829.8642876	0.000826506403
830.3933594	0.001161842427
830.9224286	0.0011263932
831.4514951	0.001032264769
831.9805591	0.001291410938
832.5096205	0.001003086015
833.0386792	0.001159993259
833.5677354	0.0009225450229
834.096789	0.001217186936
834.6258399	0.0011017949
835.1548883	0.001080633019
835.6839341	0.0009900707566
836.2129772	0.001103816154
836.7420177	0.000967100932
837.2710557	0.00113373238
837.800091	0.001220416054
838.3291237	0.001082951339
838.8581538	0.001025395721
839.3871813	0.001175875564
839.9162061	0.001159315239
840.4452284	0.0008597569985
840.974248	0.001064842441
841.503265	0.0007503821422
842.0322794	0.001109200066
842.5612912	0.001043690555
843.0903003	0.001201339518
843.6193069	0.0009684039866
844.1483108	0.000935577137
844.677312	0.001097589715
845.2063107	0.001032653627
845.7353067	0.000937915318
846.2643001	0.0009927426555
846.7932909	0.001148351287
847.322279	0.0007670165539
847.8512645	0.001085645974
848.3802474	0.0008778709929
848.9092276	0.0008302025179
849.4382052	0.0007947438834
849.9671802	0.001085330157
850.4961525	0.0007569524905
851.0251222	0.0009320427851
851.5540893	0.0009431417136
852.0830537	0.0008516527763
852.6120155	0.0007465102832
853.1409746	0.001028802805
853.6699311	0.0008271215728
854.1988849	0.0007051875437
854.7278361	0.0008059883072
855.2567846	0.001128231131
855.7857305	0.0009451356583
856.3146738	0.0009727035115
856.8436144	0.0009739579588
857.3725523	0.0008758404621
857.9014876	0.0008444530811
858.4304202	0.001170422661
858.9593502	0.000917067555
859.4882775	0.000781202438
860.0172022	0.0008906995312
860.5461242	0.001250933731
861.0750435	0.000868976902
861.6039602	0.00103718665
862.1328742	0.000723233135
862.6617856	0.0009558553976
863.1906943	0.0007700976949
863.7196003	0.0008516034503
864.2485037	0.0007259867648
864.7774044	0.0006476158537
865.3063024	0.0009045810317
865.8351978	0.000867099249
866.3640905	0.0006075209058
866.8929805	0.0008440110421
867.4218678	0.0009573216525
867.9507525	0.0008199497745
868.4796345	0.0007453580811
869.0085138	0.0006947573576
869.5373904	0.0006014381333
870.0662644	0.0006330906331
870.5951356	0.0008948280159
871.1240042	0.0006051535865
871.6528701	0.0006718853356
872.1817334	0.0005468080996
872.7105939	0.0008859729938
873.2394518	0.0006212118971
873.7683069	0.0008108420468
874.2971594	0.0008707400273
874.8260092	0.0008568561749
875.3548563	0.0005367900956
875.8837007	0.0007238349771
876.4125425	0.0007445842842
876.9413815	0.0006325971122
877.4702178	0.0008149454438
877.9990515	0.0005842893597
878.5278824	0.0007668331005
879.0567106	0.0005410186042
879.5855362	0.0007605320524
880.114359	0.0005867529789
880.6431792	0.0005873803659
881.1719966	0.0007649472156
881.7008113	0.0004983626265
882.2296234	0.0007020962108
882.7584327	0.0007256208381
883.2872393	0.0008029254592
883.8160432	0.0005830499388
884.3448444	0.0007775991605
884.8736429	0.0006383538761
885.4024387	0.00055657379
885.9312318	0.0005792189779
886.4600221	0.0006008852905
886.9888098	0.0006588530909
887.5175947	0.0005508391737
888.0463769	0.0006284695421
888.5751564	0.0005984247419
889.1039331	0.0005642448584
889.6327072	0.0006836026352
890.1614785	0.0007150433927
890.6902471	0.0006582251159
891.219013	0.0003754539033
891.7477761	0.0006989623465
892.2765366	0.000582480371
892.8052943	0.0006103090311
893.3340492	0.0004136275235
893.8628015	0.0005653811194
894.391551	0.0005906639067
894.9202978	0.0003601361355
895.4490418	0.0005063372292
895.9777831	0.0005531279635
896.5065217	0.000380908113
897.0352576	0.00071253979
897.5639907	0.0003091984274
898.092721	0.0004994246699
898.6214487	0.0004062202019
899.1501735	0.000680043261
899.6788957	0.0004762088688
900.2076151	0.0008942167007
900.7363317	0.0004671672247
901.2650457	0.0006327848121
901.7937568	0.0007200628806
902.3224652	0.0007175753497
902.8511709	0.0005319122157
903.3798738	0.0004746700623
903.908574	0.0005252777764
904.4372714	0.0006025587145
904.9659661	0.0005516570699
905.494658	0.0003102076496
906.0233472	0.0005588064592
906.5520336	0.0006527339281
907.0807172	0.0004969497481
907.6093981	0.0004726011487
908.1380762	0.0007570598969
908.6667516	0.0008007662889
909.1954242	0.0005197948858
909.724094	0.0006857101276
910.2527611	0.0004512549321
910.7814254	0.0005151521045
911.310087	0.0006623367448
911.8387457	0.0004710797532
912.3674017	0.0005235186036
912.896055	0.0006284324333
913.4247054	0.0007773766383
913.9533531	0.000659727173
914.4819981	0.0006071027785
915.0106402	0.0008106719212
915.5392796	0.000428481268
916.0679162	0.0005661920904
916.59655	0.0005210646862
917.125181	0.0006831820252
917.6538093	0.0007418456156
918.1824348	0.0006672464089
918.7110575	0.0005128709913
919.2396774	0.0004578551046
919.7682945	0.0006109272716
920.2969088	0.000470394547
920.8255204	0.0004173700897
921.3541292	0.0005615811913
921.8827352	0.0007240711537
922.4113383	0.0005477407196
922.9399387	0.0007031771353
923.4685364	0.0008679869856
923.9971312	0.0006036016155
924.5257232	0.0004295849935
925.0543124	0.0006219527011
925.5828988	0.0006808907528
926.1114825	0.0005335312504
926.6400633	0.0002392540232
927.1686413	0.0001012385477
927.6972166	0.0006235487715
928.225789	0.0005830423603
928.7543586	0.0006185862535
929.2829254	0.0004617013206
929.8114895	0.0005684101252
930.3400507	0.0005382803275
930.8686091	0.0007835954983
931.3971647	0.0002599746331
931.9257174	0.0005120909225
932.4542674	0.0005671560699
932.9828146	0.0008083463493
933.5113589	0.0005459051079
934.0399004	0.0003528891396
934.5684391	0.0004795587873
935.096975	0.0004511296572
935.6255081	0.000707812534
936.1540384	0.0006768346565
936.6825658	0.0006127838222
937.2110904	0.0006668527812
937.7396122	0.0007094997431
938.2681312	0.000422817962
938.7966474	0.0009446566412
939.3251607	0.0004293869057
939.8536712	0.0008878256245
940.3821789	0.0008568148195
940.9106837	0.0008223178125
941.4391857	0.0005309875663
941.9676849	0.000830538849
942.4961812	0.0005878469699
943.0246747	0.000636063257
943.5531654	0.0005534750092
944.0816533	0.0008360877906
944.6101383	0.001167277951
945.1386204	0.0007738290893
945.6670998	0.001025438579
946.1955762	0.0004375824952
946.7240499	0.0005084218226
947.2525207	0.0005100124377
947.7809886	0.0006778971572
948.3094538	0.0004608140087
948.837916	0.0008078463605
949.3663755	0.0005696256997
949.894832	0.0009972145272
950.4232858	0.0006109323675
950.9517366	0.000695331956
951.4801846	0.001151044419
952.0086298	0.0004115571399
952.5370721	0.0006644920605
953.0655116	0.001102500229
953.5939482	0.0009950460144
954.122382	0.0006530061682
954.6508128	0.0006635271664
955.1792409	0.0009881656639
955.707666	0.0006973243327
956.2360884	0.0008031978299
956.7645078	0.0009463430663
957.2929244	0.0006185774336
957.8213381	0.0007714980295
958.349749	0.0006354907492
958.8781569	0.0008793167334
959.4065621	0.0004240601269
959.9349643	0.001014189255
960.4633637	0.0005819933833
960.9917602	0.000549030577
961.5201538	0.0008172265897
962.0485446	0.0009274161409
962.5769325	0.0009437473449
963.1053175	0.000928734614
963.6336996	0.0007012388538
964.1620789	0.0006041706607
964.6904552	0.0006381045024
965.2188287	0.0008510155895
965.7471993	0.0002411008883
966.2755671	0.001044183488
966.8039319	0.0007252159732
967.3322939	0.001064591891
967.8606529	0.0006186468166
968.3890091	0.0009099243069
968.9173624	0.0009622462124
969.4457128	0.0003396193463
969.9740603	0.0007818443288
970.502405	0.0008937445434
971.0307467	0.000407232756
971.5590855	0.0009330493613
972.0874215	0.001228242353
972.6157545	0.0007566012635
973.1440847	0.0005083472456
973.6724119	0.0008475374888
974.2007363	0.0008635184458
974.7290577	0.001061617568
975.2573763	0.000473038353
975.7856919	0.0006421488389
976.3140047	0.0007525146569
976.8423145	0.0007736733369
977.3706215	0.001186177437
977.8989255	0.0007007632339
978.4272266	0.0006059501844
978.9555248	0.000949123809
979.4838201	0.0007573239052
980.0121125	0.0008496470718
980.540402	0.0009315199299
981.0686885	0.0009422028871
981.5969722	0.000724324578
982.1252529	0.001028942551
982.6535307	0.00090307904
983.1818056	0.001222904696
983.7100776	0.000516651385
984.2383466	0.0008734524324
984.7666127	0.0005973985006
985.2948759	0.0007495751565
985.8231362	0.00113897635
986.3513936	0.001232124404
986.879648	0.0009830257031
987.4078995	0.0007586759591
987.9361481	0.001507873364
988.4643937	0.0006364570154
988.9926364	0.0006483818107
989.5208762	0.0008730783391
990.0491131	0.001072286871
990.577347	0.0007686520197
991.105578	0.001640377782
991.633806	0.0007651554953
992.1620311	0.001124506401
992.6902533	0.001080066783
993.2184725	0.0006677526043
993.7466888	0.0006515041111
994.2749021	0.0004996368695
994.8031125	0.001115837968
995.33132	0.0007137438007
995.8595245	0.0008818709687
996.3877261	0.00068953253
996.9159247	0.00119319087
997.4441204	0.0005975333467
997.9723131	0.0006144138001
998.5005028	0.0003531378927
999.0286897	0.001150780084
999.5568735	0.0009063977296
1000.085054	0.001104831027
1000.613232	0.0007336190258
1001.141407	0.0003211643168
1001.669579	0.001012234902
1002.197748	0.0008018645264
1002.725915	0.0007349618678
1003.254078	0.0005541203625
1003.782238	0.0004703724974
1004.310395	0.0004792172949
1004.838549	0.0004134189498
1005.366701	0.0006634625526
1005.894849	0.0008115860521
1006.422994	0.0005938229894
1006.951137	0.0009369654503
1007.479276	0.000908016405
1008.007413	0.0007657853649
1008.535546	0.0004942296339
1009.063677	0.001030260698
1009.591804	0.0005307114389
1010.119929	0.0003429172602
1010.64805	0.0008733524085
1011.176169	0.0006309163056
1011.704285	0.0007193824437
1012.232397	0.000488511906
1012.760507	0.0004275308123
1013.288614	0.0006368438485
1013.816717	0.0006526553986
1014.344818	0.0002573292755
1014.872916	0.0005442911691
1015.401011	0.0004971314375
1015.929102	0.0005875733578
1016.457191	0.0006767786666
1016.985277	0.0005745771766
1017.51336	0.0006124181568
1018.04144	0.0004430627071
1018.569516	0.00008799543449
1019.09759	0.0003807970479
1019.625661	0.0003339648929
1020.153729	0.0002496176193
1020.681794	0.0002560810837
1021.209855	0.0006722349946
1021.737914	0.00031583744
1022.26597	0.0003740241039
1022.794023	0.0003630576041
1023.322073	0.0003075297728
1023.85012	0.0002275992794
1024.378163	0.0003225491676
1024.906204	0.0001379049413
1025.434242	0
1025.962277	0
1026.490309	0
1027.018337	0
1027.546363	0
1028.074386	0
1028.602406	0
1029.130422	0
1029.658436	0
1030.186447	0
1030.714454	0
1031.242459	0
1031.770461	0
1032.298459	0
1032.826455	0
1033.354447	0
1033.882437	0
1034.410423	0
1034.938407	0
1035.466387	0
1035.994365	0
1036.522339	0
1037.05031	0
1037.578279	0
1038.106244	0
1038.634206	0
1039.162165	0
1039.690121	0
1040.218075	0
1040.746025	0
1041.273972	0
1041.801916	0
1042.329857	0
1042.857795	0
1043.385729	0
1043.913661	0
1044.44159	0
1044.969516	0
1045.497438	0
1046.025358	0
1046.553275	0
1047.081188	0
1047.609099	0
1048.137006	0
1048.66491	0
1049.192812	0
1049.72071	0
1050.248605	0
1050.776497	0
1051.304386	0
1051.832272	0
1052.360155	0
1052.888035	0
1053.415912	0
1053.943785	0