344.8202274	0
345.3512013	0
345.8821736	0
346.4131443	0
346.9441135	0
347.4750811	0
348.0060472	0
348.5370117	0
349.0679746	0
349.598936	0
350.1298958	0
350.660854	0
351.1918106	0
351.7227657	0
352.2537192	0
352.7846711	0
353.3156215	0
353.8465702	0
354.3775174	0
354.908463	0
355.4394071	0
355.9703495	0
356.5012904	0
357.0322297	0
357.5631673	0
358.0941035	0
358.625038	0
359.1559709	0
359.6869022	0
360.217832	0
360.7487601	0
361.2796867	0
361.8106117	0
362.341535	0
362.8724568	0
363.403377	0
363.9342955	0
364.4652125	0
364.9961279	0
365.5270417	0
366.0579538	0
366.5888644	0
367.1197733	0
367.6506807	0
368.1815864	0
368.7124905	0
369.2433931	0
369.774294	0
370.3051933	0
370.8360909	0
371.366987	0
371.8978814	0
372.4287743	0
372.9596655	0
373.4905551	0
374.021443	0
374.5523294	0
375.0832141	0
375.6140972	0
376.1449787	0
376.6758585	0
377.2067367	0
377.7376133	0
378.2684883	0
378.7993616	0
379.3302333	0
379.8611034	0
380.3919718	0
380.9228386	0
381.4537038	0
381.9845673	0
382.5154292	0
383.0462894	0
383.577148	0
384.1080049	0
384.6388602	0
385.1697139	0
385.7005659	0
386.2314163	0
386.762265	0
387.2931121	0
387.8239575	0
388.3548013	0
388.8856434	0
389.4164839	0
389.9473227	0
390.4781598	0
391.0089953	0
391.5398292	0
392.0706613	0
392.6014919	0
393.1323207	0
393.6631479	0
394.1939734	0
394.7247973	0
395.2556195	0
395.78644	0
396.3172589	0
396.8480761	0
397.3788916	0
397.9097054	0
398.4405176	0
398.9713281	0
399.5021369	0
400.0329441	0.0004599635907
400.5637495	0.0002897132023
401.0945533	0.0003067482723
401.6253554	0.0004363519674
402.1561559	0.0002669133677
402.6869546	0.0005767674462
403.2177517	0.0004376385792
403.748547	0.0001436490459
404.2793407	0.0003615675726
404.8101327	0.0003360675528
405.3409231	0.0003174114083
405.8717117	0.0004039217274
406.4024986	0.0007577923039
406.9332839	0.0002400709327
407.4640674	0.0002917977625
407.9948493	0.0003237856771
408.5256294	0.0004591452814
409.0564079	0.0007005319371
409.5871847	0.0002044640859
410.1179598	0.0005213417548
410.6487331	0.0002513945174
411.1795048	0.0006721857136
411.7102748	0.0006283240472
412.241043	0.0004473487878
412.7718096	0.001088448675
413.3025745	0.0005171750744
413.8333376	0.0008734837097
414.3640991	0.0003731627702
414.8948588	0.001265254225
415.4256168	0.000366667198
415.9563731	0.0005503091984
416.4871277	0.001084068709
417.0178806	0.001424740156
417.5486318	0.001144826284
418.0793813	0.0005398299843
418.610129	0.0006908489465
419.140875	0.002999420227
419.6716193	0.001283677375
420.2023619	0.000415774424
420.7331028	0.001469810104
421.2638419	0.002247437028
421.7945794	0.0004192601054
422.3253151	0.0009057476123
422.856049	0.001441780274
423.3867813	-0.0001539315915
423.9175118	-0.0004010273136
424.4482406	0.001518271247
424.9789676	0.001282011477
425.509693	0.00003105297663
426.0404166	0.0020714704
426.5711384	0.001021702449
427.1018586	0.00180221634
427.6325769	0.001993163598
428.1632936	0.001544190266
428.6940085	0.001327634452
429.2247217	0.0002150603336
429.7554331	0.001594618852
430.2861428	0.0002725579016
430.8168508	0.001603939131
431.347557	0.001316908256
431.8782614	0.0009204855939
432.4089642	0.0002648336664
432.9396651	0.001082384469
433.4703644	0.0008393244694
434.0010618	0.0004622159607
434.5317576	0.0005158021388
435.0624515	0.00002916068888
435.5931437	0.0004523884661
436.1238342	0.001632839939
436.6545229	0.0008614645915
437.1852099	0.0005818575641
437.7158951	0.001565019208
438.2465785	0.000461143055
438.7772602	0.0006695670564
439.3079401	0.001087997536
439.8386182	0.0006077792749
440.3692946	0.001072249919
440.8999693	0.001548047913
441.4306421	0.0004867639786
441.9613132	0.0007338100182
442.4919825	0.001059244388
443.0226501	0.001247316289
443.5533159	0.0004435469644
444.0839799	0.0001463876183
444.6146422	0.0008028563616
445.1453026	0.001231785491
445.6759613	0.0009759658056
446.2066182	0.001198351253
446.7372734	0.0009789032551
447.2679268	0.001131485553
447.7985783	0.001419530102
448.3292282	0.0009088138744
448.8598762	0.0005161173974
449.3905224	0.00154039185
449.9211669	0.00006711540031
450.4518096	0.0006540032352
450.9824505	0.001292205175
451.5130896	0.0009271973963
452.0437269	-0.0001912506324
452.5743624	0.0007414463941
453.1049961	0.0006749096252
453.6356281	0.0004176819614
454.1662582	0.00149212321
454.6968866	0.0009431587193
455.2275132	0.0007297382436
455.7581379	0.0007406242145
456.2887609	0.0007989489893
456.8193821	0.000772858417
457.3500015	0.001338756089
457.880619	0.0005854569136
458.4112348	0.000676075207
458.9418488	0.001206997601
459.4724609	0.0009340776395
460.0030713	0.0005879772155
460.5336798	0.001202232038
461.0642866	0.001046581122
461.5948915	0.0009842199099
462.1254947	0.0006438269958
462.656096	0.001077058896
463.1866955	0.0001087846806
463.7172932	0.000646225889
464.247889	0.001616357644
464.7784831	0.00086649451
465.3090754	0.001088529025
465.8396658	0.00067940999
466.3702544	0.00181020592
466.9008412	0.0009991119451
467.4314262	0.0001705904567
467.9620093	0.001404925561
468.4925906	0.00111293073
469.0231701	0.00122183318
469.5537478	0.0002490828524
470.0843237	0.001088860438
470.6148977	0.0005396547285
471.1454699	0.0005044102986
471.6760402	0.00108606459
472.2066088	0.0002581363144
472.7371755	0.000606797573
473.2677403	0.0008417236992
473.7983033	0.0009429045436
474.3288645	0.0004714030521
474.8594239	0.0009186409904
475.3899814	0.0008708895361
475.9205371	0.001095869409
476.4510909	0.001406914963
476.9816429	0.0008956068363
477.5121931	0.001105707379
478.0427414	0.001153923518
478.5732879	0.0008334000983
479.1038325	0.001350517834
479.6343753	0.0005153383797
480.1649162	0.0004547460063
480.6954553	0.0003954346076
481.2259925	0.0003944563132
481.7565279	0.0007079711817
482.2870614	0.001040407708
482.8175931	0.0009745671243
483.3481229	0.001001918226
483.8786508	0.0008244987336
484.4091769	0.0008600589269
484.9397012	0.0006893582622
485.4702236	0.0005721496272
486.0007441	0.0008914415862
486.5312627	0.001082531624
487.0617795	0.001305632482
487.5922945	0.001649641615
488.1228075	0.001188243711
488.6533187	0.00137477718
489.1838281	0.001124301494
489.7143355	0.001442589329
490.2448411	0.001858738748
490.7753449	0.002479620143
491.3058467	0.002036378341
491.8363467	0.002171620659
492.3668448	0.002710007959
492.897341	0.002257743215
493.4278354	0.002836642128
493.9583279	0.003325726248
494.4888185	0.003822300515
495.0193072	0.003385839255
495.549794	0.003854532783
496.080279	0.004347301735
496.610762	0.004444770572
497.1412432	0.004608974949
497.6717225	0.004364516015
498.2021999	0.004967505497
498.7326755	0.004434016274
499.2631491	0.005716137885
499.7936208	0.005723901307
500.3240907	0.005763419102
500.8545587	0.006837929426
501.3850247	0.006910865473
501.9154889	0.007081404302
502.4459512	0.007361505377
502.9764116	0.007695700015
503.50687	0.008157672738
504.0373266	0.009123221211
504.5677813	0.008742693741
505.0982341	0.009487178548
505.628685	0.01039218458
506.159134	0.01073057392
506.689581	0.011855636
507.2200262	0.01147751954
507.7504694	0.01213445013
508.2809108	0.01245444661
508.8113502	0.01293851553
509.3417878	0.01388232925
509.8722234	0.01468225784
510.4026571	0.01465217879
510.9330889	0.0151398649
511.4635188	0.01683189773
511.9939467	0.01610245245
512.5243728	0.01827798612
513.0547969	0.01924521261
513.5852191	0.01980928233
514.1156394	0.0205078072
514.6460577	0.02237289554
515.1764742	0.02270683845
515.7068887	0.02442568719
516.2373013	0.02545300582
516.7677119	0.02765735447
517.2981207	0.02832453757
517.8285275	0.02987862462
518.3589324	0.03096908179
518.8893353	0.03381214184
519.4197363	0.03592107054
519.9501354	0.03697635741
520.4805325	0.03922885086
521.0109278	0.04254322477
521.541321	0.04434706326
522.0717124	0.04848502488
522.6021018	0.04979005511
523.1324892	0.05465925916
523.6628747	0.05742386112
524.1932583	0.06108470683
524.7236399	0.06408116412
525.2540196	0.069118183
525.7843974	0.07386667237
526.3147732	0.07716824949
526.845147	0.08191804735
527.3755189	0.08802654495
527.9058888	0.09401996568
528.4362568	0.09975455364
528.9666229	0.1049756546
529.496987	0.1125458617
530.0273491	0.1200477797
530.5577093	0.1269965253
531.0880675	0.1362749921
531.6184238	0.1426753362
532.1487781	0.1524934705
532.6791304	0.1615119629
533.2094808	0.170120775
533.7398292	0.1809310872
534.2701757	0.1932561753
534.8005202	0.2029103771
535.3308627	0.2173551284
535.8612032	0.2302807206
536.3915418	0.243226344
536.9218784	0.2554660519
537.4522131	0.2748451677
537.9825458	0.2865671455
538.5128765	0.3047049754
539.0432052	0.3178239437
539.573532	0.3343684778
540.1038567	0.3537495321
540.6341795	0.3729833896
541.1645004	0.3905058752
541.6948192	0.4109058264
542.2251361	0.4281662268
542.7554509	0.447800126
543.2857638	0.4686150454
543.8160747	0.4930997599
544.3463837	0.5109489472
544.8766906	0.5335748991
545.4069956	0.5544105389
545.9372985	0.5731802981
546.4675995	0.5930638331
546.9978985	0.6146902084
547.5281955	0.6366100295
548.0584905	0.6540685876
548.5887835	0.6775498054
549.1190745	0.6961434197
549.6493635	0.7148178047
550.1796505	0.731984511
550.7099355	0.748186749
551.2402185	0.767705286
551.7704995	0.786193489
552.3007786	0.8087078263
552.8310556	0.8170602611
553.3613306	0.8338720495
553.8916036	0.8486076619
554.4218745	0.8642945175
554.9521435	0.8785092335
555.4824105	0.8892517952
556.0126755	0.901208116
556.5429384	0.9130109077
557.0731993	0.9253309773
557.6034583	0.9346386184
558.1337152	0.9504368732
558.6639701	0.9555376256
559.194223	0.9636882841
559.7244738	0.9715104315
560.2547226	0.9754134497
560.7849695	0.981628624
561.3152143	0.9885873206
561.845457	0.9901569883
562.3756978	0.9972622355
562.9059365	0.9985327712
563.4361732	0.9973749269
563.9664079	0.9959456066
564.4966405	1
565.0268711	0.9972222593
565.5570997	0.9960116017
566.0873263	0.9899445288
566.6175508	0.9886590881
567.1477733	0.9826861832
567.6779937	0.9745753286
568.2082121	0.9668649249
568.7384285	0.962098456
569.2686428	0.9524559282
569.7988551	0.9435899203
570.3290654	0.9357561419
570.8592736	0.9227321816
571.3894798	0.9169601914
571.9196839	0.9017187599
572.449886	0.8942794877
572.980086	0.8815041723
573.510284	0.8677294527
574.04048	0.8549299275
574.5706738	0.8451333537
575.1008657	0.832973275
575.6310555	0.8175841729
576.1612432	0.8080794078
576.6914289	0.7891979049
577.2216125	0.7755120116
577.7517941	0.7636198766
578.2819736	0.7458395276
578.812151	0.7323392995
579.3423264	0.7218027357
579.8724997	0.7030297456
580.402671	0.6934648009
580.9328402	0.6794426857
581.4630073	0.6626092291
581.9931724	0.6513789409
582.5233354	0.6376210647
583.0534963	0.6262490938
583.5836552	0.6147938535
584.113812	0.5988383218
584.6439667	0.589175806
585.1741194	0.5740203146
585.70427	0.5659359959
586.2344185	0.5520353169
586.7645649	0.5376309726
587.2947092	0.5270577927
587.8248515	0.5139551293
588.3549917	0.503933948
588.8851298	0.4920392714
589.4152659	0.4814243923
589.9453998	0.4696197913
590.4755317	0.4588820974
591.0056614	0.4494808913
591.5357891	0.4380645072
592.0659147	0.4274934382
592.5960383	0.4183891241
593.1261597	0.4084484982
593.656279	0.4001210055
594.1863963	0.3907395721
594.7165114	0.3802377721
595.2466245	0.3678678615
595.7767354	0.3627740015
596.3068443	0.3521759873
596.8369511	0.3461999377
597.3670558	0.3334339271
597.8971583	0.323800898
598.4272588	0.3156911203
598.9573572	0.3083357421
599.4874534	0.3002379831
600.0175476	0.2934209478
600.5476396	0.2850106596
601.0777296	0.2767152383
601.6078174	0.268630338
602.1379032	0.263070635
602.6679868	0.2544008033
603.1980683	0.2470815458
603.7281477	0.2402931141
604.258225	0.2340982725
604.7883002	0.2244555939
605.3183732	0.2187327124
605.8484442	0.212127835
606.378513	0.2050296526
606.9085797	0.199527243
607.4386443	0.1929915917
607.9687067	0.1866673875
608.4987671	0.1811903077
609.0288253	0.1748985303
609.5588814	0.1689848896
610.0889353	0.1660301855
610.6189872	0.1588569939
611.1490369	0.1536807692
611.6790845	0.1502213767
612.2091299	0.142548246
612.7391732	0.1382428277
613.2692144	0.134776015
613.7992535	0.1300276387
614.3292904	0.1257021353
614.8593252	0.1206119154
615.3893578	0.1165219828
615.9193883	0.1112916309
616.4494167	0.1098249621
616.9794429	0.1040032709
617.509467	0.1003051845
618.039489	0.09592615695
618.5695088	0.09300675502
619.0995264	0.09081510892
619.6295419	0.08614043331
620.1595553	0.08199926509
620.6895665	0.08055048434
621.2195756	0.07672206611
621.7495825	0.07387292941
622.2795872	0.07184976585
622.8095899	0.06966177598
623.3395903	0.0660096212
623.8695886	0.06403571169
624.3995848	0.05989920664
624.9295787	0.05886326707
625.4595706	0.0561655918
625.9895602	0.05427679319
626.5195477	0.05195318373
627.0495331	0.04997071789
627.5795163	0.04863413857
628.1094973	0.04589083318
628.6394761	0.04488932621
629.1694528	0.04301570712
629.6994273	0.04131082096
630.2293997	0.03841974806
630.7593699	0.03777963934
631.2893379	0.03600642106
631.8193037	0.033879537
632.3492674	0.03259676721
632.8792289	0.03214035286
633.4091882	0.03083165833
633.9391453	0.02927946401
634.4691003	0.02691122867
634.9990531	0.02692138964
635.5290037	0.02522906604
636.0589521	0.02430753294
636.5888983	0.02375959988
637.1188424	0.02265908405
637.6487842	0.02106041151
638.1787239	0.02061169328
638.7086614	0.01989839947
639.2385967	0.01915771493
639.7685299	0.01878930308
640.2984608	0.01729636223
640.8283895	0.01670012284
641.3583161	0.01591527012
641.8882404	0.01592633572
642.4181626	0.0144234466
642.9480825	0.014327993
643.4780003	0.01341306292
644.0079159	0.01276950798
644.5378292	0.01225253168
645.0677404	0.01197435295
645.5976494	0.01106418229
646.1275561	0.01082809054
646.6574607	0.01056951287
647.187363	0.009909704824
647.7172632	0.009382987561
648.2471611	0.008859209009
648.7770569	0.008917658811
649.3069504	0.008446622929
649.8368417	0.008027904325
650.3667308	0.007606851444
650.8966177	0.007195746162
651.4265024	0.0076147966
651.9563848	0.007078700499
652.4862651	0.006636562396
653.0161431	0.006146698164
653.5460189	0.005963855921
654.0758925	0.006073634903
654.6057639	0.005524347918
655.135633	0.005555559445
655.6654999	0.004814025128
656.1953646	0.004891238326
656.7252271	0.00465683435
657.2550874	0.00448855845
657.7849454	0.004515869419
658.3148012	0.004104087345
658.8446547	0.003845673907
659.3745061	0.003824645562
659.9043552	0.003737661114
660.434202	0.003643657009
660.9640466	0.003646637115
661.493889	0.00313766621
662.0237292	0.003237919957
662.5535671	0.003563319326
663.0834028	0.00299407118
663.6132363	0.002806133981
664.1430675	0.002449227263
664.6728964	0.003043804464
665.2027231	0.002555027273
665.7325476	0.002484992244
666.2623698	0.002521373775
666.7921898	0.002405075915
667.3220075	0.002022639898
667.851823	0.002391369444
668.3816363	0.002037157443
668.9114472	0.002084269714
669.441256	0.002464954687
669.9710624	0.001870683069
670.5008667	0.001734023559
671.0306686	0.001791974601
671.5604683	0.001703279831
672.0902658	0.001735135841
672.620061	0.001698302834
673.1498539	0.001885253451
673.6796446	0.001891575619
674.209433	0.001896391074
674.7392191	0.001805721626
675.269003	0.00154806289
675.7987846	0.001558976373
676.328564	0.001493871225
676.8583411	0.001930611481
677.3881159	0.001351201104
677.9178884	0.001398663298
678.4476587	0.00147273081
678.9774267	0.001279860702
679.5071924	0.00102074523
680.0369558	0.001455932331
680.566717	0.001196437237
681.0964759	0.001073114167
681.6262325	0.001502626108
682.1559869	0.000981274131
682.6857389	0.001041755402
683.2154887	0.001172064811
683.7452362	0.0009962100852
684.2749814	0.001038119201
684.8047243	0.0009900639309
685.3344649	0.000941628533
685.8642033	0.0009525650698
686.3939393	0.001121246001
686.9236731	0.0007300314585
687.4534046	0.0008733275527
687.9831338	0.001254921198
688.5128607	0.0005566387698
689.0425853	0.001147177556
689.5723076	0.0008185480279
690.1020276	0.0007163288578
690.6317453	0.001110835989
691.1614607	0.001345828078
691.6911738	0.0009802175477
692.2208846	0.000526023896
692.7505932	0.001172971716
693.2802994	0.0005113568412
693.8100033	0.0006022828629
694.3397049	0.0009908076955
694.8694042	0.0007961961348
695.3991011	0.0005901009411
695.9287958	0.0009029902985
696.4584882	0.0007559544313
696.9881782	0.0006245056069
697.517866	0.0006418034344
698.0475514	0.0009471578002
698.5772345	0.0008532045976
699.1069153	0.001185592661
699.6365938	0.0009474815565
700.16627	0.0009299881963
700.6959438	0.0009102145749
701.2256153	0.0008665983341
701.7552845	0.0007018756353
702.2849514	0.000487186553
702.814616	0.0006679626619
703.3442782	0.0007876818811
703.8739381	0.0006009261236
704.4035957	0.0008095874313
704.933251	0.001083945197
705.4629039	0.0004223431527
705.9925545	0.0007769917794
706.5222027	0.0008086274365
707.0518487	0.0006843164805
707.5814923	0.0007366765409
708.1111335	0.000806280876
708.6407725	0.000833517889
709.170409	0.0007394677615
709.7000433	0.000686556188
710.2296752	0.0006027371988
710.7593048	0.000849012424
711.288932	0.000771054872
711.8185569	0.0005013702449
712.3481794	0.0007029675979
712.8777996	0.0004666071587
713.4074175	0.001080092261
713.937033	0.0008571939187
714.4666462	0.000697096443
714.996257	0.0007605353986
715.5258654	0.0006628210105
716.0554715	0.0008782199084
716.5850753	0.0006920105739
717.1146767	0.0008600269551
717.6442757	0.0006851810648
718.1738724	0.0008267491264
718.7034667	0.0004638451753
719.2330587	0.0008839246839
719.7626483	0.0009997910089
720.2922356	0.000707837994
720.8218205	0.0007618246187
721.351403	0.0005182976626
721.8809832	0.001030282076
722.410561	0.0005302554454
722.9401364	0.0005217735842
723.4697095	0.0005844272119
723.9992802	0.0006122119521
724.5288485	0.0006681978648
725.0584145	0.0004882782211
725.587978	0.0007888919289
726.1175392	0.0007420221386
726.6470981	0.0004529051048
727.1766545	0.0006356797866
727.7062086	0.0006738479517
728.2357603	0.0007655462182
728.7653097	0.000464556842
729.2948566	0.0005652234876
729.8244012	0.000530294106
730.3539434	0.0008682416837
730.8834832	0.0009629383984
731.4130206	0.0006526072463
731.9425556	0.0006887520604
732.4720883	0.0007088696729
733.0016185	0.000867471332
733.5311464	0.0006172996301
734.0606719	0.0001383276163
734.590195	0.0006028049285
735.1197157	0.0007507356269
735.649234	0.0005192693944
736.1787499	0.0009092579456
736.7082634	0.0009576259504
737.2377745	0.0007349058931
737.7672832	0.0004468369028
738.2967896	0.001000343279
738.8262935	0.0007097376226
739.355795	0.0007108638707
739.8852941	0.0008327533428
740.4147908	0.0006387383923
740.9442851	0.0002905301444
741.473777	0.0008013415723
742.0032665	0.0006040852721
742.5327536	-0.000009360105152
743.0622383	0.0007961710621
743.5917206	0.0004451020971
744.1212004	0.000721363572
744.6506779	0.0007804952977
745.1801529	0.0003523207234
745.7096255	0.0009643293392
746.2390957	0.0004115302541
746.7685635	0.0006029709714
747.2980289	0.0007380924701
747.8274918	0.0003936586593
748.3569524	0.0003458938485
748.8864105	0.0002895156293
749.4158661	0.000570633702
749.9453194	0.0006593697408
750.4747702	0.0005346220756
751.0042186	0.0005947317592
751.5336646	0.0006736736214
752.0631082	0.0005392103207
752.5925493	0.0007659814551
753.121988	0.0007192686631
753.6514242	0.0007102280529
754.1808581	0.0003861975814
754.7102895	0.0001788847677
755.2397184	0.000577087753
755.7691449	0.0008184663315
756.298569	0.0004208395114
756.8279907	0.0004911743597
757.3574099	0.0003217298495
757.8868267	0.0008272065752
758.416241	0.0005572805192
758.9456529	0.0008936245858
759.4750623	0.0003272281124
760.0044693	0.0009281293737
760.5338738	0.0003196360764
761.0632759	0.0006640646707
761.5926756	0.0005276901306
762.1220728	0.0005697965882
762.6514675	0.0006876754107
763.1808598	0.0007418522675
763.7102497	0.0004189304595
764.2396371	0.001015789015
764.769022	0.0005357394473
765.2984045	0.0002100665096
765.8277845	0.0009368490882
766.3571621	0.000736943337
766.8865372	0.0003484060312
767.4159098	0.0009099318771
767.94528	0.0006019122006
768.4746477	0.0006684236866
769.004013	0.0009056490045
769.5333758	0.0006835428055
770.0627361	0.000640259576
770.5920939	0.001175377088
771.1214493	0.001171030104
771.6508022	0.00004305594325
772.1801527	0.00137050533
772.7095007	0.0004107469455
773.2388462	0.0003806153504
773.7681892	0.0007169539902
774.2975297	0.000317826768
774.8268678	0.00108606989
775.3562034	0.0003180966772
775.8855365	0.0008590418036
776.4148672	0.0008017454264
776.9441953	0.0006370777107
777.473521	0.0007150225581
778.0028442	0.0003861277903
778.5321649	0.0003084566171
779.0614831	0.0007104360378
779.5907988	0.0004998544459
780.1201121	0.0005238160341
780.6494228	0.0005368781896
781.1787311	0.000594026529
781.7080369	0.0008324242017
782.2373401	0.0007581100025
782.7666409	0.000941151901
783.2959392	0.0004551389227
783.825235	0.0007115807958
784.3545283	0.0002752653856
784.8838191	0.0003997786472
785.4131074	0.0008174829469
785.9423932	0.001029369366
786.4716765	0.0006007012273
787.0009573	0.0009030141932
787.5302356	0.0007005435899
788.0595114	0.0007471539461
788.5887847	0.0007708031363
789.1180555	0.0005763729312
789.6473237	0.0005753979181
790.1765895	0.0007980839002
790.7058527	0.0006151117506
791.2351135	0.000556734012
791.7643717	0.0008442904443
792.2936274	0.0004536495425
792.8228806	0.0004222588061
793.3521313	0.0003121273352
793.8813794	0.0008916990432
794.4106251	0.0007606029601
794.9398682	0.0002898993117
795.4691088	0.000824209978
795.9983469	0.000170455765
796.5275825	0.001008505339
797.0568155	0.0008254132948
797.586046	0.0005560831339
798.115274	0.001191598897
798.6444994	0.000671557426
799.1737224	0.0005125056378
799.7029428	0.000463317683
800.2321606	0.0006524000187
800.761376	0.0003894690939
801.2905888	0.0006153982346
801.8197991	0.001061654471
802.3490068	0.0007375317019
802.878212	0.0007133422727
803.4074146	0.0006496259618
803.9366148	0.0005403098976
804.4658124	0.001039634664
804.9950074	0.0002583702974
805.5241999	0.0008894348521
806.0533899	0.0008700654214
806.5825773	0.0004824728187
807.1117621	0.0000135388676
807.6409445	0.0008131494243
808.1701242	0.0002492447096
808.6993015	0.0008442409721
809.2284761	0.001258014636
809.7576482	0.001057581266
810.2868178	0.0007955920364
810.8159848	0.0009567119781
811.3451493	0.0008802646721
811.8743112	0.000964342801
812.4034706	0.0005902346336
812.9326274	0.0006450233714
813.4617816	0.001293855844
813.9909333	0.0004335832532
814.5200824	0.000951421069
815.0492289	0.0007192438429
815.5783729	0.000572064944
816.1075144	0.000723322096
816.6366532	0.0006299011816
817.1657895	0.001169115583
817.6949232	0.0007571053313
818.2240544	0.0005514498759
818.753183	0.001093613968
819.282309	0.0003331665553
819.8114324	0.0006259744999
820.3405533	0.0006417520692
820.8696716	0.0005593305414
821.3987873	0.0002511965868
821.9279005	0.001287972531
822.457011	0.0006211166822
822.986119	0.0001269617111
823.5152244	0.0008191127505
824.0443272	0.0004671389419
824.5734275	0.0006944561207
825.1025252	0.0008237566517
825.6316202	0.0007395111758
826.1607127	0.0007268994859
826.6898026	0.000585224361
827.2188899	0.0006588494842
827.7479747	0.0004578845415
828.2770568	0.001005659093
828.8061363	0.000662918861
829.3352133	0.0004031356843
829.8642876	0.0006360267645
830.3933594	0.001186401715
830.9224286	0.001176055142
831.4514951	0.0006680637516
831.9805591	0.001133615884
832.5096205	0.0005401685486
833.0386792	0.0005128671713
833.5677354	0.001172030568
834.096789	0.0005722251395
834.6258399	0.0005583636053
835.1548883	0.0005888043171
835.6839341	0.0006339693383
836.2129772	0.0002062091141
836.7420177	0.0006231041911
837.2710557	0.0008456965296
837.800091	0.0006376333466
838.3291237	0.000920442432
838.8581538	0.0008348763532
839.3871813	0.0005666059306
839.9162061	0.0009859823965
840.4452284	0.0004480713921
840.974248	0.001409177723
841.503265	0.0002114815975
842.0322794	0.001112466214
842.5612912	0.0006754368651
843.0903003	0.000317713752
843.6193069	0.001057923616
844.1483108	0.0005758792196
844.677312	0.0005441900939
845.2063107	0.0009432177829
845.7353067	0.0006984754784
846.2643001	0.0001058382811
846.7932909	0.0007319108944
847.322279	0.0007791539132
847.8512645	0.0006419480647
848.3802474	0.0013883805
848.9092276	0.0007014650083
849.4382052	0.0007772717007
849.9671802	0.0008395974074
850.4961525	0.0006278747596
851.0251222	0.0002592786956
851.5540893	0.0006410656014
852.0830537	0.0006591674772
852.6120155	0.0003837654543
853.1409746	0.000903630912
853.6699311	0.0009340240447
854.1988849	0.00009219691056
854.7278361	0.0006761501303
855.2567846	0.0008411173291
855.7857305	0.0009328280477
856.3146738	0.001229328039
856.8436144	0.0005376603624
857.3725523	0.001026505704
857.9014876	0.0001679387866
858.4304202	0.0006427601479
858.9593502	0.0003066605813
859.4882775	0.0003530438957
860.0172022	0.001145771723
860.5461242	0.001023627486
861.0750435	0.00067362213
861.6039602	0.0008392399124
862.1328742	0.0008523872138
862.6617856	0.000440902225
863.1906943	0.0004531916729
863.7196003	0.001035293064
864.2485037	0.0008342596344
864.7774044	0.0004539238688
865.3063024	0.0009215527783
865.8351978	0.0003944936697
866.3640905	0.0003640318818
866.8929805	0.001401475805
867.4218678	0.0005403860409
867.9507525	0.0009942912735
868.4796345	0.0004375266359
869.0085138	0.0005846042346
869.5373904	0.0004789746851
870.0662644	0.0009976986241
870.5951356	0.0007622813103
871.1240042	0.00108965948
871.6528701	0.00008846460472
872.1817334	0.0005985648392
872.7105939	0.0006576162569
873.2394518	0.0009793380713
873.7683069	0.0006522450817
874.2971594	0.0005205266426
874.8260092	0.000792926936
875.3548563	0.0003617606233
875.8837007	0.0005761772723
876.4125425	0.0008641041986
876.9413815	0.0006699441972
877.4702178	0.0004567700725
877.9990515	0.0005422426338
878.5278824	0.0007804481814
879.0567106	-0.00008465931067
879.5855362	0.0008445030566
880.114359	0.0003835239411
880.6431792	0.0005115272172
881.1719966	0.0006144002523
881.7008113	0.0005191283399
882.2296234	0.0004061297154
882.7584327	0.000449759965
883.2872393	0.00072519295
883.8160432	0.0008789285882
884.3448444	0.0007726055034
884.8736429	0.0006813924508
885.4024387	0.0002920013512
885.9312318	0.0007700093947
886.4600221	0.000826735328
886.9888098	0.0008186508424
887.5175947	0.000713533262
888.0463769	0.0002785275801
888.5751564	0.0006499202284
889.1039331	0.00009797417992
889.6327072	0.0004323491845
890.1614785	0.00124407292
890.6902471	0.0004933320342
891.219013	0.0008587441294
891.7477761	0.0008766918255
892.2765366	0.0008977671191
892.8052943	0.0009970989849
893.3340492	0.001439028682
893.8628015	0.0003693959895
894.391551	0.001144633107
894.9202978	0.001047870847
895.4490418	0.0009652505472
895.9777831	0.000458434372
896.5065217	0.0005004522341
897.0352576	0.0001584647063
897.5639907	0.0004365452704
898.092721	0.0003197786874
898.6214487	0.0007733108177
899.1501735	0.0004993774354
899.6788957	0.00089266274
900.2076151	0.00105268361
900.7363317	0.0008522426677
901.2650457	0.001022764921
901.7937568	0.0008353622401
902.3224652	0.0006145170755
902.8511709	0.001057138288
903.3798738	0.001075871649
903.908574	0.0003211746553
904.4372714	0.0007417794055
904.9659661	0.0003924966113
905.494658	0.0009152356591
906.0233472	0.0007231823457
906.5520336	0.0006430725459
907.0807172	0.0004289645928
907.6093981	0.0009331676217
908.1380762	0.0005458423619
908.6667516	0.0004985290894
909.1954242	0.0006244133515
909.724094	-0.0000167635307
910.2527611	0.0003627204498
910.7814254	0.0007247005005
911.310087	0.0009311158747
911.8387457	0.0001983411322
912.3674017	0.0001341020406
912.896055	0.001153124139
913.4247054	0.0006438879104
913.9533531	0.0005692665718
914.4819981	0.0008114371671
915.0106402	0.0007681389614
915.5392796	0.0006597883187
916.0679162	0.001121260052
916.59655	0.0001536588533
917.125181	0.0005153437644
917.6538093	0.0009780873016
918.1824348	0.001393231124
918.7110575	0.0009033353413
919.2396774	0.001237697831
919.7682945	0.0004570626143
920.2969088	0.0009124451115
920.8255204	0.001296289233
921.3541292	0.0008800822647
921.8827352	0.0007313517248
922.4113383	0.001346824672
922.9399387	0.001511680012
923.4685364	0.001400997575
923.9971312	0.0007730116291
924.5257232	0.001441174998
925.0543124	0.0005311821643
925.5828988	0.0003378270945
926.1114825	0.00119219963
926.6400633	0.001013088578
927.1686413	0.001084170766
927.6972166	0.0006768654148
928.225789	0.00133695675
928.7543586	0.001292927821
929.2829254	0.001426751518
929.8114895	0.001491096243
930.3400507	0.0007256165761
930.8686091	0.001287444913
931.3971647	0.0003360354338
931.9257174	0.0006921824222
932.4542674	0.001428831535
932.9828146	0.0001559248323
933.5113589	0.0005584204394
934.0399004	0.0006703227263
934.5684391	0.0009370263633
935.096975	0.001229079585
935.6255081	0.0008665703167
936.1540384	0.001468246852
936.6825658	0.001503507352
937.2110904	0.0007996442072
937.7396122	0.001378055971
938.2681312	0.0003715589647
938.7966474	0.0005875409269
939.3251607	0.001709965972
939.8536712	0.001713488084
940.3821789	0.000904917019
940.9106837	0.0003610989757
941.4391857	0.001397529225
941.9676849	0.001229226402
942.4961812	0.001298698896
943.0246747	0.001358005625
943.5531654	0.001279433794
944.0816533	0.001346394988
944.6101383	0.0008120987306
945.1386204	0.0008513697539
945.6670998	0.0009932965304
946.1955762	0.001269322971
946.7240499	0.0009102742276
947.2525207	0.0008107775388
947.7809886	0.001708666571
948.3094538	0.0004544474488
948.837916	0.001223728854
949.3663755	0.00166355321
949.894832	0.00049740078
950.4232858	0.0006817452762
950.9517366	0.0004441902282
951.4801846	0.00053830594
952.0086298	0.001017120135
952.5370721	0.0001199937768
953.0655116	0.001340417023
953.5939482	0.0004850868483
954.122382	0.001640527133
954.6508128	0.001439894276
955.1792409	0.001429984538
955.707666	-0.0002309887592
956.2360884	0.001195943189
956.7645078	0.001410706479
957.2929244	0.0005255224859
957.8213381	0.001997733376
958.349749	0.0007309012592
958.8781569	0.0008572142797
959.4065621	0.0008786665878
959.9349643	0.001314882759
960.4633637	0.001237001182
960.9917602	0.002228096287
961.5201538	0.0009234298584
962.0485446	0.001898569867
962.5769325	0.001309154257
963.1053175	0.001896250061
963.6336996	0.002317011326
964.1620789	0.001202302376
964.6904552	0.0007402327285
965.2188287	0.001732808463
965.7471993	0.001870297893
966.2755671	0.001380884379
966.8039319	0.001766962067
967.3322939	0.001624552516
967.8606529	0.001307159891
968.3890091	0.00241831543
968.9173624	0.003047160491
969.4457128	0.002306760332
969.9740603	0.0005136156055
970.502405	0.001066551706
971.0307467	0.001892556648
971.5590855	0.00127270264
972.0874215	0.002799442455
972.6157545	0.0008208864271
973.1440847	0.0008794423242
973.6724119	0.0009723266596
974.2007363	0.002400442699
974.7290577	0.001889856378
975.2573763	0.0017557674
975.7856919	0.002088956272
976.3140047	0.001851576564
976.8423145	0.00164252823
977.3706215	0.001522256109
977.8989255	0.0008547818161
978.4272266	0.001297747651
978.9555248	0.001146727764
979.4838201	0.001387186691
980.0121125	0.0016174812
980.540402	0.002272259077
981.0686885	0.001484766335
981.5969722	0.000173761521
982.1252529	0.001835711157
982.6535307	0.001919920622
983.1818056	0.001423531959
983.7100776	0.003435290851
984.2383466	0.001941675737
984.7666127	0.002394275511
985.2948759	0.0004941444961
985.8231362	0.00154716667
986.3513936	0.001907255758
986.879648	0.001107541634
987.4078995	0.001963748886
987.9361481	0.0007442171697
988.4643937	0.001146638158
988.9926364	0.002079870733
989.5208762	0.001785850322
990.0491131	0.001333063513
990.577347	0.001374843648
991.105578	0.0018204554
991.633806	0.00277290167
992.1620311	0.001689767715
992.6902533	0.0003700990322
993.2184725	0.00003504753522
993.7466888	0.00029342439
994.2749021	0.002263275512
994.8031125	0.0006862078638
995.33132	0.003551635827
995.8595245	0.000478528847
996.3877261	0.002151482476
996.9159247	0.003162231981
997.4441204	-0.0003176466744
997.9723131	0.0007790410864
998.5005028	0.002219078899
999.0286897	0.001262434146
999.5568735	0.001380101155
1000.085054	0.001547890242
1000.613232	0.001800624314
1001.141407	0.001130056246
1001.669579	0.001626942154
1002.197748	0.001912698365
1002.725915	0.001312793151
1003.254078	0.00226995509
1003.782238	0.001903570253
1004.310395	0.001519237973
1004.838549	0.0001224337812
1005.366701	0.001598364598
1005.894849	-0.0004554745002
1006.422994	0.001509738988
1006.951137	0.001521239406
1007.479276	0.00134716147
1008.007413	-0.0002230712
1008.535546	0.00114038229
1009.063677	0.001128089561
1009.591804	0.0003247423695
1010.119929	0.001488019884
1010.64805	0.0006102291547
1011.176169	0.0002718582665
1011.704285	0.0004664675345
1012.232397	0.001001936147
1012.760507	0.001083850964
1013.288614	0.0003257073704
1013.816717	0.002025544619
1014.344818	0.001656471292
1014.872916	0.0006089857049
1015.401011	0.001163995891
1015.929102	0.0013798002
1016.457191	0.0004478069939
1016.985277	0.0004694583685
1017.51336	0.0009259992117
1018.04144	0.001093147685
1018.569516	0.0008600357053
1019.09759	0.0004429028171
1019.625661	0.0006647846668
1020.153729	0.0008418024507
1020.681794	0.0004535679303
1021.209855	0.001139069344
1021.737914	0.001010563648
1022.26597	-0.00004937842877
1022.794023	0.0005236512112
1023.322073	-0.0001016832957
1023.85012	0.0006337631624
1024.378163	0.0003634002288
1024.906204	0.001044338638
1025.434242	0
1025.962277	0
1026.490309	0
1027.018337	0
1027.546363	0
1028.074386	0
1028.602406	0
1029.130422	0
1029.658436	0
1030.186447	0
1030.714454	0
1031.242459	0
1031.770461	0
1032.298459	0
1032.826455	0
1033.354447	0
1033.882437	0
1034.410423	0
1034.938407	0
1035.466387	0
1035.994365	0
1036.522339	0
1037.05031	0
1037.578279	0
1038.106244	0
1038.634206	0
1039.162165	0
1039.690121	0
1040.218075	0
1040.746025	0
1041.273972	0
1041.801916	0
1042.329857	0
1042.857795	0
1043.385729	0
1043.913661	0
1044.44159	0
1044.969516	0
1045.497438	0
1046.025358	0
1046.553275	0
1047.081188	0
1047.609099	0
1048.137006	0
1048.66491	0
1049.192812	0
1049.72071	0
1050.248605	0
1050.776497	0
1051.304386	0
1051.832272	0
1052.360155	0
1052.888035	0
1053.415912	0
1053.943785	0